11000100
11111111
10110011
11011110
11111111
11111111
11111111
11111111
11111111
11111111
11111111
11111111
11111111
11111111
10011100
11111111
00010011
11111111
11111001
00100010
00010000
11111111
11111111
11111111
11111111
11111111
11111111
11111111
11111111
11111111
11111111
00000000
01001101
11111111
00000011
01011101
10111111
11110000
10010010
11111111
10010011
11111111
11111111
11111111
11111111
11111111
01000010
11010011
00000000
11111111
00000000
00000000
00001010
11111111
11111111
11111111
11111111
11010001
11111111
11111111
11111111
11111111
11111111
00000000
01100111
11111111
00000000
00111101
11011110
11111111
10000000
10010000
11111111
11111111
11111111
11111111
11111111
11111111
11111111
00000000
11111111
11111111
00100000
00000000
11011110
11111111
11111111
11111111
11111111
10011101
11111111
11111111
11111111
11111111
11111111
00001010
10000111
11111111
00001101
00111011
11111111
11111111
00111010
11001000
11111111
11111111
11111111
11111111
11111111
11111111
11111111
11111111
11111111
11111111
00000000
00000000
11111111
11111111
11111111
11111111
11110011
10100001
11111111
11111111
11111111
11111111
11111111
00111110
01101001
11111111
00011001
00010111
11101001
11111111
00011110
11111111
11111111
11111111
11111111
11111111
11111111
11111111
11111111
11111111
11111111
11111111
00000000
00000100
11111111
11111111
11111111
11111111
11000110
11111010
11111111
11111111
11111111
11111111
11111111
00111110
01010100
11111111
00010100
00000110
11011011
11111111
01000100
11111000
11111111
11111111
11111111
11111111
11111011
11111111
11111111
11111111
11111111
11111111
00000000
11110010
11111111
11111111
11111111
11111111
10000110
11111111
11111111
11111111
11111111
11111111
11111111
01010000
01110011
11111111
00011101
00001001
11101000
11111111
00110000
11101110
11111111
10000111
10001100
00000000
01000101
11111111
11111111
11111111
01001010
10011110
00000000
11111111
11111111
11111111
11111111
11111111
01100111
11111111
11111111
11111111
11111111
11111111
11111111
01010000
01101010
11111111
00100011
00100010
01110010
11111111
01010111
11111111
11101010
00000000
00000000
00000000
11111111
11111111
11111111
01001111
11111111
00000000
00000000
11111111
11111111
11111111
11111111
11100111
10100011
11111111
11110111
11111111
11111111
11111111
11111111
01101111
01010001
11111111
00100001
01000001
00011100
11111111
10011100
11111111
00101000
00000000
00000000
11111111
11111111
11111111
11101011
00101001
01100101
00000000
01000001
11111111
11111111
11111111
11111111
10101100
11110100
11111111
11010100
11111111
11111111
11111111
11111111
01111010
00111000
11111111
00011101
00111101
01000011
11111111
10110110
01100011
00000000
00000001
00110001
11111111
11111111
11111111
11111111
00000000
00010101
00000000
11101100
11111111
11111111
11111111
11111111
10001001
11111111
11111111
10110011
11111111
11111111
11111111
11111111
01110000
00101110
11111111
00011000
01000010
10000101
11111111
11100001
00000000
00000000
00000000
11111111
11111111
11111111
11111111
11111111
00000000
00111111
00000000
11111111
11111111
11111111
11111111
11111111
10011001
11111111
11111111
11110010
11111111
11010000
11111111
11111111
01101100
00101000
11111111
00101101
00100100
10111111
11101000
01101100
00100111
00000000
10010100
11111111
00111011
01110110
11111111
11111111
00000000
01010000
00000000
11111111
11111111
11111111
11111111
01110000
00000000
11111111
11001110
11111111
11111111
11111111
11111111
11111111
01100000
00000000
11111111
00011100
00000000
11111111
11000100
00101000
00101101
00000000
11111111
11001100
00000000
00011001
11111111
00000000
00000000
01010000
00000000
11111111
11111111
11111111
10111000
10110001
11111111
11111111
01010101
11110000
11111111
11111111
11111111
11111111
10001010
00000000
11111111
00111110
01001110
11111111
00010100
10110010
00000000
00000000
11111111
10000110
11111111
11000110
11111111
01101010
00000000
00111110
01010100
11111111
11111111
10101000
11111111
11111111
11111111
11111111
11111111
10100001
11101000
11111111
11111111
11111111
01100011
00000000
11111111
00110111
11101010
00100101
01010100
10010001
00000000
11110100
11111111
11111111
11111111
10010001
11111111
11111111
00000000
00110001
10101001
11111111
11011011
10101011
11111111
11111111
11111111
11111111
11111111
11111111
00101001
11011111
11111111
11111111
00001001
00000000
11111111
01000101
10110001
01010001
01000011
00000000
01101110
11111111
00000000
11111111
11111111
01010111
11111111
11111111
00000000
01001011
11111111
11111111
10001010
11111111
11111111
11111111
11111111
11111111
11111111
11111111
10000111
00111100
11111111
11111111
00010100
00000000
11111111
01100111
10001010
01110100
01110000
00000000
10101111
11111111
00000000
11111111
11111111
00000000
11111111
11101010
00000000
10010001
11111111
11111111
01110110
11111111
11111111
11111111
11111111
11111111
11111111
11111111
11111111
00101110
11111111
11111111
00011010
00001000
11111111
01010011
01001001
01000101
11000100
00000000
11111111
00000000
01011001
11111111
11111111
11111111
11111111
01100001
00000000
11000111
11111111
11111111
01100010
11111111
11111111
11111111
11111111
11111111
11111111
11111111
11111111
11111111
11111111
11011010
00000000
00010001
11111111
10001111
01011101
00000000
01000100
11111111
11111111
00000000
10001111
11111111
11010110
11100010
11111111
00000000
00000000
11011100
11111111
11111111
01011110
11111111
11111111
11111111
11111111
11111111
11111111
11111111
11111111
11111111
11111111
11000110
00000000
00011010
11111111
11001011
00011101
01011110
01010001
11111111
00110101
00000000
00111001
11111111
11100111
10110100
11111111
00000000
00000000
11111111
11111111
11111100
01010111
11111111
11111111
11111111
11111111
00001010
00000000
00000000
00000000
11010110
11111111
11111111
00000000
00011001
11111111
01110011
00000000
01111010
11010011
11111111
00000000
00101010
00000010
10000100
11111111
11111111
10110011
00000000
00000000
11111111
11111111
11111111
01001010
11111111
11111111
11111111
00000000
00000000
00000000
01001111
00000011
00000000
11111111
11111111
00000000
00000000
11111111
11000100
00000000
00111100
11111111
11001000
00000000
00111110
00001000
00001111
11100001
11111111
11000000
00000000
00000000
11001011
11010100
10111010
11001010
11111111
11111111
00000000
00000000
10011101
10110000
10010110
01100000
00000000
11111111
11111111
01000100
00000000
11111111
11110100
00000000
01110011
11000001
11111111
00101011
00100001
00000000
10100111
11111111
11111111
11111111
11111111
00000000
11101000
11111111
00000000
01110100
11111111
00000000
00101001
01010111
10111111
10000110
01100111
01001011
00000000
11111111
11111111
10010000
00101101
11111111
11111111
00000000
00111111
00010101
11111111
10110011
00000000
00010111
10001110
11111111
11111111
11111111
11111111
00010000
01110000
11111111
00010010
11111111
11111111
00000000
10100011
01000011
01010001
10000011
01101100
01001011
00000000
11111111
11111111
00000000
11000010
11111111
11011010
00000000
01011011
00001101
11111111
11111000
00000000
00101111
10110000
11111111
11111111
11111111
11111111
11111111
00000000
11111111
00111100
11111111
11101011
00001010
10000000
00111011
00111010
10110010
10001011
01100000
00100111
11111111
11111111
00000000
10111101
11111111
11000100
00000000
01110110
00000000
11111111
11111000
00000000
10010111
11010101
11111111
11110000
11111111
11111111
11111111
00111111
11111111
10101011
11111111
00001101
01010110
01101101
00111110
00110101
10101101
10010111
10010110
00010001
11111111
11111111
00000000
10101011
11111111
11100011
00000000
01001110
00011110
10111010
01010111
00000000
11000100
11110011
11111111
11010010
11111111
11111111
11111111
00101101
11110001
11001100
11111111
00000000
01111101
01011000
00100110
00111111
10001110
10000100
10110101
00000111
11111111
01100000
00000000
11000000
11111111
11100000
00000000
01001101
00110011
11100101
00000000
00100000
10011101
11111111
11111111
11001110
11110111
11111111
11111111
00000000
00000000
11111111
11111111
00000000
10011000
00010000
10000011
00110011
01110100
01101101
10111110
00101101
11111111
11111111
11000100
11111111
11111111
11001101
00000000
00111011
00000000
11100111
00000000
01000101
10000111
11111111
11111111
11100000
11011000
11111111
11111111
11111111
00000000
11111111
10010100
00000000
10101101
00000101
11111111
00000000
01111011
01010101
11100001
01010011
11111111
11111111
00000000
11111111
11111111
10100110
00000000
01010110
01101100
10011011
00000000
01011000
11111111
11111111
11111111
11111111
11011001
11111111
11111111
11111111
00000000
10100110
00000000
01001111
10010110
00000111
11111111
00000000
10010100
00111010
11101000
01100011
11111111
11111111
00000000
11111111
11111111
01111001
00000000
01110111
10100111
00110100
00110101
11111111
11111111
11111111
11111111
11111111
11111111
11111111
11111111
11111111
00000000
11111111
01000001
11011111
00000000
11100010
11111111
00000000
11001001
01000010
11000101
01111110
11111111
11111111
01111001
11101010
11111111
11111111
01011000
11001111
10110001
01101011
11010111
11111111
11111111
11111111
11111111
11111111
11111111
11111111
11111111
11111111
11111111
11111111
01101010
10011111
11001000
11111111
11111111
00010010
11111111
11001011
11111111
11111111
11111111
11111110
11111111
