11111111
11111111
11111111
11111111
11111111
11111111
11111111
11111111
11111111
11111111
11111111
11111111
11111111
11111111
11111111
11111111
11001011
11111111
11111111
01001001
00110010
11111111
11111111
11111111
11111111
11111111
11111111
11111111
11111111
11111111
11111111
00001011
11011111
11111111
01010111
11101010
11111111
11111111
11111111
11111111
11111111
11111111
11111111
11111111
11111111
11111111
11111111
11111111
00000000
11111111
00000000
00000000
00011001
11111111
11111111
11111111
11111111
11111111
11111111
11111111
11111111
11111111
11111111
00000000
11111111
11111111
00011111
11000111
11111111
11111111
11111111
11111111
11111111
11111111
11111111
11111111
11111111
11111111
11111111
11111111
11111111
11111111
01000010
00000000
11111111
11111111
11111111
11111111
11111111
11111100
11111111
11111111
11111111
11111111
11111111
01101100
11111111
11111111
01101110
11010101
11111111
11111111
11101000
11111111
11111111
11111111
11111111
11111111
11111111
11111111
11111111
11111111
11111111
11111111
00000000
00000000
11111111
11111111
11111111
11111111
11111111
11111111
11111111
11111111
11111111
11111111
11111111
11000010
11111111
11111111
01110110
10111001
11111111
11111111
10110110
11111111
11111111
11111111
11111111
11111111
11111111
11111111
11111111
11111111
11111111
11111111
00000000
00010101
11111111
11111111
11111111
11111111
11111111
11111111
11111111
11111111
11111111
11111111
11111111
11001010
11111111
11111111
01110001
10010010
11111111
11111111
11111111
11111111
11111111
11111111
11111111
11111111
11111111
11111111
11111111
11111111
11111111
11111111
00000000
11111111
11111111
11111111
11111111
11111111
11110111
11111111
11111111
11111111
11111111
11111111
11111111
11000101
11111111
11111111
01111011
10011011
11111111
11111111
11111111
11111111
11111111
11111111
10001000
00000000
10111000
11111111
11111111
11111111
11111111
11111111
00000000
11111111
11111111
11111111
11111111
11111111
11011100
11111111
11111111
11111111
11111111
11111111
11111111
11111001
11111111
11111111
10000000
10110111
11111111
11111111
11111111
11111111
11111111
00000000
00000001
00000000
11111111
11111111
11111111
11011000
11111111
00000000
00000000
11111111
11111111
11111111
11111111
11111111
11111111
11111111
11111111
11111111
11111111
11111111
11111111
11111111
11111111
11111111
10001001
11000101
11011001
11111111
11111111
11111111
00101010
00000000
00000000
11111111
11111111
11111111
11111111
10001010
11001110
00000000
01101001
11111111
11111111
11111111
11111111
11111111
11111111
11111111
11111111
11111111
11111111
11111111
11111111
11111111
11011110
11111111
10000000
11001001
11111111
11111111
11111111
11011000
00000000
00000000
10100110
11111111
11111111
11111111
11111111
00000000
00101100
00000000
11111111
11111111
11111111
11111111
11111111
11111111
11111111
11111111
11111111
11111111
11111111
11111111
11111111
11111111
11001111
11111111
10001111
11110001
11111111
11111111
11111111
00000000
00000110
00000000
11111111
11111111
11111111
11111111
11111111
00101010
01011110
00000000
11111111
11111111
11111111
11111111
11111111
11111111
11111111
11111111
11111111
11111111
11111111
11111111
11111111
11111111
11001111
11111111
10001111
10110010
11111111
11111111
11000100
00001100
00000000
11111111
11111111
11111111
11111111
11111111
11111111
00101110
01111000
00000000
11111111
11111111
11111111
11111111
10110000
01001111
11111111
11111111
11111111
11111111
11111111
11111111
11111111
11101101
10010010
11111111
10100110
10010100
11111111
11111111
00011000
01010001
00000000
11111111
11111111
00000000
11111111
11111111
00000000
00000000
10000010
00000001
11111111
11111111
11111111
11111111
11111111
11111111
11111111
11111111
11111111
11111111
11111111
11111111
11111111
11111111
01011101
11111111
11110010
11111111
11111111
00000111
11001000
00000000
00000000
11111111
11111111
11111111
11111111
11111111
11111111
00011011
01100010
10010101
11111111
11111111
11111111
11111111
11111111
11111111
11111111
11111111
11111111
11111111
11111111
11111111
11111111
11111100
00010111
11111111
11111111
11111111
00100010
01000101
11001110
00000000
11111111
11111111
11111111
11111111
11111111
11111111
11111111
00110111
00111100
11111111
11111111
11111111
11111111
11111111
11111111
11111111
11111111
11111111
11111111
10001101
11111111
11111111
11111111
00100110
00000000
11111111
11111111
11111111
01001010
01001000
01001001
11111110
11111111
01111100
11111111
11111111
11111111
11111111
11111111
00000000
01001111
11111111
11111111
11111111
11111111
11111111
11111111
11111111
11111111
11111111
11111111
11111010
10110111
11111111
11111111
00110100
00000000
11111111
11111111
10111111
10000001
01111011
01100110
11111111
11111111
01000000
11111111
11111111
11111111
11111111
11111111
00000000
11011110
11111111
11111111
11110001
11111111
11111111
11111111
11111111
11111111
11111111
11111111
11111111
10101011
11111111
11111111
01101101
01001101
11111111
11111111
10100001
01001101
11101101
00001000
11111111
00000000
11111110
11111111
11111111
11111111
11111111
11111111
00000000
11111111
11111111
11111111
11110010
11111111
11111111
11111111
11111111
11111111
11111111
11111111
11111111
11111111
11111111
11111111
00000000
01100111
11111111
11111111
10010000
00000000
01000110
11111111
11111111
00000000
11111111
11111111
11111111
11111111
11111111
00000000
00000000
11111111
11111111
11111111
11111111
11111111
11111111
11111111
11111111
11111111
11111111
11111111
11111111
11111111
11111111
11111111
00000000
01100011
11111111
11111111
01010001
01011001
01010101
11111111
10011110
00000000
10100110
11111111
11111111
11111111
11111111
00000000
00000000
11111111
11111111
11111111
11110101
11111111
11111111
11111111
11111111
11010000
00000000
00000000
00000000
11111111
11111111
11111111
00000000
10001100
11111111
11111111
00000000
10000110
11100000
11111111
00000000
00110100
00100000
11111111
11111111
11111111
11111111
00000000
01010101
11111111
11111111
11111111
10111000
11111111
11111111
11111111
00000000
00000000
00000000
10000110
00001010
00000000
11111111
11111111
00000000
00110011
11111111
11111111
00000000
01100110
11111111
11111111
00000000
01100010
00000000
01101100
11111111
11111111
11111111
00000000
00010110
11111111
11111111
11111111
11111111
11111111
11111111
00000000
00000000
11110100
11111111
11111111
10111000
00000000
11111111
11111111
01011010
00000000
11111111
11111111
00000000
10100011
11101001
11111111
10010110
00110000
00000000
11111111
11111111
11111111
11111111
11111111
00000000
11111111
11111111
00000000
11111111
11111111
00000000
10100010
10100100
11111111
11001000
11000101
10010001
00001010
11111111
11111111
10111001
00110110
11111111
11111111
00000000
10001100
01011000
11111111
11111111
00000000
00101000
11111111
11111111
11111111
11111111
11111111
00010000
11111111
11111111
10000001
11111111
11111111
00000000
11111111
01100111
10100001
11010010
11001000
10100101
00100010
11111111
11111111
00000000
11001001
11111111
11111111
00000000
10010011
01001111
11111111
11111111
00000000
10011000
11111111
11111111
11111111
11111111
11111111
11111111
10101111
11111111
10111010
11111111
11111111
11011110
11111111
01011011
10001010
11111111
11011000
10111001
01011011
11111111
11111111
00000000
11000010
11111111
11111111
00000000
10110110
00010011
11111111
11111111
00000000
11111111
11111111
11111111
11111111
11111111
11111111
11111111
11111001
11111111
11111111
11111111
11111111
11111111
10111011
01011101
01100110
11111111
11101100
11011110
00111100
11111111
11111111
00000000
10110000
11111111
11111111
00000000
01111011
01010000
11110010
10010100
00000000
11111111
11111111
11111111
11111111
11111111
11111111
11111111
11101111
11111111
11111111
11111111
10001010
11111111
01111010
01000101
10010010
11101101
11101111
11111111
00111000
11111111
11111111
00000000
10101010
11111111
11111111
00000000
01111011
01100101
11111111
00010100
00111001
11111111
11111111
11111111
11111111
11111111
11111111
11111111
10000001
00000000
11111111
11111111
00000000
11111111
00011001
11110111
01101001
11001100
11001101
11111111
01110111
11111111
11111111
11111111
11111111
11111111
11111111
00000000
01101111
00101110
11111111
00000000
10110011
11111111
11111111
11111111
11111111
11111111
11111111
11111111
11111111
00000000
11111111
11111111
00000101
11111111
00000000
11111111
00000110
11001000
10010111
11111111
10100001
11111111
11111111
00000000
11111111
11111111
11111111
00000000
10100110
10101010
11010000
00000000
11111111
11111111
11111111
11111111
11111111
11111111
11111111
11111111
11111111
00000000
11111111
01010010
10010000
10101010
01010101
11111111
00000000
11110111
01100110
11111111
10101001
11111111
11111111
00000000
11111111
11111111
11001010
00000000
10111110
11100000
00110100
10001100
11111111
11111111
11111111
11111111
11111111
11111111
11111111
11111111
11111111
00000000
11111111
10100100
11111111
00000000
11111111
11111111
00000000
11111111
10000011
11111111
10111000
11111111
11111111
11111111
11111111
11111111
11111111
10011000
11111111
11111111
11000000
11111111
11111111
11111111
11111111
11111111
11111111
11111111
11111111
11111111
11111111
11111111
11111111
11111111
11111111
11111111
11111111
11111111
00110101
11111111
11111111
11111111
11111111
11111111
11111111
11111111
