11111111
00011001
00000101
11111111
00000000
00101001
01011100
01001000
00101111
01100000
00100010
00000000
11111111
11111111
11111111
01011101
00000000
10000010
00000000
01001000
00000000
00000000
00000000
01001011
10110011
10000010
10001100
00111111
01000011
10011010
01011010
10000100
11111111
00000000
00011010
11111111
00000000
00011101
01101101
01111001
01000111
10011001
00110011
11110101
11111111
11111111
11111111
11111111
00000000
00000000
00000000
11111111
00000000
00000000
00001111
11111111
11011110
10110111
11000000
01111011
10111111
10101110
01101101
11111111
11111111
00000000
00101010
11111111
00000000
00010100
01110101
10001010
01000001
00111011
10011001
11111111
11111111
11111111
11111111
11111111
10101101
00000000
11111111
11111111
00000000
00000000
10011100
11111111
10100101
10110000
10001011
01011100
11001010
01111010
01111001
11111111
10011100
00001111
00111001
11111111
00001101
00001010
01111100
10000101
00011011
01110110
10101111
11110110
10111110
11101001
11111111
11111111
11111111
11000001
11111111
11111111
00000000
00000000
11111111
11000111
10010001
10101100
01111011
01010010
11000011
01100101
10011111
11100000
01010001
00110110
00101111
11111111
00011100
00000000
01111101
10111000
00000000
10101000
10011101
11100001
11100101
10110110
11111110
01111110
11100000
11111111
11111111
11111111
00000000
00000000
11111111
10111011
10101101
10101101
01100000
01101110
10111111
01100101
11010011
10100110
00111100
00100011
00011100
11111111
00000111
00000000
10001000
11011100
00010111
10010001
10010001
10110011
11111000
11100011
01110100
11001000
11111111
11111111
11111111
10001000
00000000
10001000
11110111
10011011
10110100
10101111
01001101
10110110
10011011
01111001
11111111
01100000
01000111
00100101
00010101
11111111
00001000
00000000
10000110
11111111
00000010
01111110
10101011
01101101
11100010
00000000
00000000
11111111
11111111
11111111
00000000
01011001
00000000
11110011
11100000
10011010
10101011
10010010
00111001
11001100
01010000
01101111
11111111
00111110
01001011
00111010
00011001
11111111
00011001
00000000
00101010
11111111
01001000
10001111
10001110
00000000
00011010
00000000
11111111
11111111
11010000
00001010
11101101
00000000
00000000
11111111
11010001
10011111
10101010
01110010
01001101
11100110
01100000
10100111
11011011
01010001
01100001
01010011
00010100
11111111
00010100
00010010
00000000
11111111
01000010
11000111
00111000
00000000
00000000
11111111
11111111
11111111
01110000
00000111
00010101
00000000
00010110
11111111
11011000
10110011
10110000
01100001
01101011
10111001
01001011
11101111
10110111
01011011
01100001
00110010
00001000
11111111
00001110
00001011
00000000
11111111
01001010
00110100
00000000
00110000
00000000
11111111
01110001
11111111
11111111
00000000
00000111
00000000
10010001
11101001
10110110
11001110
10110011
01001101
10001000
10010101
01000111
11111111
10011100
01110101
01011101
00101100
00001100
11111111
00001100
00100111
00101010
10010101
10011010
00000000
00000000
00000000
11111111
11111111
10011110
11111111
11111111
00000000
00110101
00000000
11100101
11101100
10000100
10001110
10111000
01000111
10110010
10000011
01111110
11111001
01011111
01110010
01111000
00110010
00000100
11111111
00001010
00000000
01001110
10011100
10000000
00111000
00000000
01000111
11111111
00000000
00000000
11111111
11000000
00000000
00110101
00000000
11101001
10111000
11010001
10100111
00110101
00000000
01110110
01000101
10011001
11010001
10001000
10001001
01011011
00100101
00000000
11111111
00001000
00000000
11111111
01100010
01101010
00101101
00000000
11111111
01111010
00000000
00000000
11111111
00000000
00000000
00111100
00000010
11111111
10001111
10101100
01011111
01110001
11001011
11011101
00000000
01111011
10111110
10101011
10011011
10001101
00111011
00000000
11111111
00000000
00011010
11111111
00101010
11111000
00000000
00000000
11111111
00011111
11111100
00111101
11111111
01001101
00000000
00111011
00100110
11111111
10100010
01100101
01110111
11011100
11111111
11111111
11111111
00101110
01101011
10110111
10111100
10100111
00110110
00000000
11111111
00000000
11000011
01010111
01100010
10111010
00000000
10100011
10110101
10001010
11111111
00000000
11111111
01111001
00000000
00100001
01001110
11111111
01111010
01011001
11001000
11101001
11111111
11111111
11111111
11111111
00000000
10000111
11000000
01111110
00010111
00000000
11111111
00000000
10101110
01110010
00101100
00000000
00101100
11111111
00000000
10001100
11111111
00000000
11111111
10001111
00000000
00111010
10000101
11010011
01001110
01101111
11110100
11111111
11111111
11111111
11111111
11111111
00100010
00000000
00110110
10100000
00011001
00000000
11111111
00010101
10000111
10110111
10000001
00000000
01111100
11001010
00000000
10001110
11101101
00000000
11111111
01100010
00000000
01110111
10111101
11000101
00111001
10101110
11111111
11111111
11111111
11111111
11111111
11111111
11101111
00000000
11111111
10000000
00001101
00001001
11111111
00000000
01010011
01101011
11111001
00000000
11111111
00001101
00010011
10100010
11101011
10010010
11111111
00011000
00000000
10000010
11001111
10101010
00100010
11010001
11111111
11111111
11111111
11111111
11111111
11111111
11111111
11111111
11111111
01001011
00000000
00011000
11111111
00101111
01101000
00000000
10001001
11111111
11010101
00000000
01001000
10010110
01010000
01110110
11111111
00000000
00000000
10000101
11011110
10010000
00001101
11111111
11111111
11111111
11111111
11111111
10111001
10110111
10111000
10000110
10011100
01011100
00000000
00011010
11111111
01111001
00100010
01100111
10100110
11111111
00000000
00000000
00101100
01101110
01001010
01010011
11000100
00000000
00000000
10011110
11110000
10001011
00000011
11111111
11111111
11111111
10100011
00000000
00000000
00000000
00000000
01101100
11111111
11110100
00000000
00011001
11111111
01000001
00000000
10000000
11111111
10110101
00000000
00011100
00010001
00110000
10011011
11111111
01010001
00000000
00000000
10110010
11111111
10100011
00010101
11111111
11111111
11111111
00000000
00000000
00000000
01001100
00000011
00000000
11111111
11111111
00000000
00000000
11111111
01111110
00000000
00110101
11111111
10110010
00000000
00100000
00001111
00000100
01100001
11111111
10001000
00000000
00000000
10001011
01100110
01110101
01111111
11111111
01101100
00000000
00000000
01101111
01111110
01111111
01011001
00000000
11111111
11111111
00111001
00000000
11111111
10110110
00000000
01101110
11101100
11111111
00000000
00000000
00000000
01001110
10001000
01111010
11111111
11111111
00000000
10000110
10011010
00000000
00101000
11111111
00000000
00101000
01000111
10000101
01100000
01001111
00110001
00000000
11111111
11111111
01110011
01001111
11011100
11010111
00000000
00101000
00011111
11111111
01101101
00000000
00100011
01010000
01111110
01100101
11100101
11111111
00000001
00000001
11111111
00001100
11100111
11111111
00000000
01100011
00111010
00101110
01100010
01001111
00110111
00000000
11111111
11111111
00000000
11010110
11011010
10000101
00000000
01001000
00000000
11111111
11001010
00000000
00100001
01011011
10000111
01100011
01101110
11111111
11111111
00000000
10111001
00001010
11111111
01011010
00000000
01100100
00110000
00011110
10011011
01011011
01001100
00111101
11111111
11111111
00000000
11001000
11011001
01101001
00000000
01010111
00000000
11111111
11001010
00000000
00111011
01101111
10010011
01100111
01101110
11111111
11111111
00000000
10010010
01010001
11111111
00000000
00101010
01011010
00100100
00010111
10011100
01111011
01100010
00001010
11111111
11111111
00000000
11000011
11010010
10010011
00000000
00100010
00000000
11111111
01010001
00000000
01010100
10000011
10001000
01000111
01001101
11111111
11111111
00000000
10010010
01011000
11111111
00000000
01010111
01000100
00010000
00101111
01110011
01101010
01111001
00000100
11110101
00000000
00000000
11010100
10111111
10010000
00000000
00011101
00011010
11111111
00000000
00000000
01001010
10011111
10010010
00111010
00111101
10111111
11111111
00000000
00000000
10101010
11111111
00000000
01110001
00001111
01001100
00100010
01100000
01011001
10010001
00100101
11111111
11111111
10010010
11111111
10111111
01110011
00000000
00011001
00000000
11111111
00000000
00100000
00111010
10100001
10011000
01001110
00101000
01100011
11111111
11100100
00000000
11111111
00111110
00000000
10000011
00000000
11010100
00000000
01100010
00110001
10110110
00110110
11000101
11111110
00000000
11111111
11010001
01011010
00000000
01011010
01011111
11100001
00000000
00101010
01101011
01110101
10001010
10000110
01000000
01000001
11111111
11111111
00000000
01000101
00000000
00110110
10000110
00000000
11111111
00000000
10001001
00001001
10111001
01010100
11000110
11111111
00000000
11111111
11111111
00011101
00000000
01100111
10011110
01000100
00100100
01101011
01101011
01101000
10000010
10101010
10010101
01010010
11111111
11111111
00000000
10001000
00010011
10111000
00000011
01110111
11111111
00000000
10101111
00010010
10010010
01100001
11101011
11111111
00000000
01000000
10100101
00111011
00011101
01111000
01010101
00001111
00100100
01100110
01001110
01101011
01001100
00111111
01101101
01000100
11101001
11111111
00000000
10100011
00000000
00010010
00000111
11111111
01111110
00000000
10100010
00011111
01010101
00101100
10111100
