0,
177,
121,
110,
172,
99,
96,
119,
128,
121,
132,
145,
153,
190,
196,
206,
152,
130,
143,
83,
159,
102,
36,
41,
108,
159,
155,
152,
135,
145,
174,
163,
148,
184,
99,
118,
183,
102,
101,
127,
139,
130,
148,
149,
178,
202,
210,
216,
209,
153,
152,
71,
185,
77,
38,
65,
154,
168,
164,
160,
143,
176,
183,
173,
161,
161,
85,
122,
183,
100,
101,
133,
144,
130,
143,
162,
190,
196,
204,
209,
213,
185,
152,
158,
220,
87,
36,
108,
169,
165,
163,
153,
141,
186,
176,
171,
160,
133,
98,
130,
187,
108,
104,
137,
147,
127,
150,
170,
184,
189,
196,
198,
197,
190,
194,
209,
209,
78,
48,
148,
170,
163,
160,
148,
145,
188,
173,
167,
153,
107,
102,
130,
190,
110,
103,
139,
166,
128,
157,
166,
179,
187,
186,
190,
179,
189,
204,
202,
174,
55,
77,
168,
170,
166,
160,
143,
160,
186,
174,
164,
146,
100,
101,
129,
190,
110,
100,
140,
185,
140,
154,
160,
161,
161,
170,
164,
185,
198,
206,
186,
130,
41,
116,
172,
168,
166,
158,
137,
171,
180,
172,
158,
141,
104,
102,
135,
193,
111,
100,
141,
196,
142,
148,
150,
111,
92,
72,
130,
202,
199,
180,
136,
97,
44,
145,
171,
165,
159,
149,
136,
183,
172,
158,
152,
138,
110,
109,
137,
192,
112,
101,
130,
194,
144,
144,
119,
60,
59,
82,
181,
190,
164,
126,
151,
48,
64,
162,
170,
164,
156,
142,
146,
190,
167,
148,
146,
138,
116,
115,
131,
193,
113,
101,
120,
184,
145,
129,
66,
48,
49,
134,
187,
193,
159,
104,
77,
37,
82,
168,
173,
167,
156,
138,
156,
180,
156,
147,
145,
136,
116,
114,
127,
192,
113,
102,
123,
168,
140,
87,
46,
51,
92,
167,
182,
221,
196,
81,
52,
42,
111,
165,
166,
168,
157,
136,
160,
166,
146,
150,
142,
137,
118,
113,
125,
192,
115,
107,
129,
149,
121,
50,
44,
59,
161,
177,
200,
226,
216,
85,
54,
48,
139,
169,
152,
149,
152,
134,
164,
162,
149,
149,
134,
133,
120,
111,
124,
195,
116,
105,
133,
129,
82,
45,
41,
99,
181,
140,
164,
216,
161,
75,
58,
59,
154,
168,
162,
148,
121,
119,
167,
156,
144,
144,
140,
137,
119,
107,
118,
196,
120,
103,
154,
110,
55,
47,
43,
151,
134,
85,
144,
185,
83,
60,
62,
75,
165,
165,
160,
142,
143,
168,
181,
152,
140,
145,
146,
143,
127,
110,
111,
198,
129,
112,
116,
62,
62,
44,
64,
170,
156,
158,
172,
189,
124,
66,
65,
94,
167,
161,
149,
173,
211,
214,
216,
188,
140,
136,
142,
147,
130,
101,
100,
198,
131,
119,
64,
54,
60,
50,
103,
152,
187,
204,
182,
201,
159,
77,
69,
114,
168,
154,
160,
225,
226,
228,
229,
224,
176,
121,
128,
136,
116,
77,
88,
194,
132,
98,
60,
49,
52,
81,
118,
115,
190,
206,
179,
198,
161,
71,
77,
135,
166,
149,
193,
240,
235,
228,
232,
229,
212,
138,
118,
120,
116,
74,
84,
195,
134,
86,
62,
54,
61,
90,
103,
103,
185,
196,
167,
186,
143,
57,
94,
151,
161,
151,
215,
240,
235,
232,
236,
224,
211,
170,
132,
170,
110,
75,
96,
196,
132,
81,
56,
69,
62,
112,
67,
111,
180,
192,
182,
195,
111,
51,
109,
161,
155,
154,
227,
240,
238,
237,
232,
201,
194,
188,
185,
192,
80,
59,
97,
199,
136,
78,
46,
63,
118,
107,
47,
107,
175,
172,
174,
181,
76,
53,
117,
165,
151,
157,
235,
241,
239,
230,
204,
169,
155,
158,
158,
161,
67,
44,
94,
201,
138,
70,
55,
69,
148,
75,
47,
84,
156,
171,
172,
153,
53,
57,
122,
166,
149,
156,
242,
242,
241,
194,
111,
58,
48,
61,
119,
180,
91,
41,
95,
199,
125,
53,
58,
79,
107,
47,
46,
61,
119,
176,
193,
120,
44,
64,
120,
159,
144,
149,
244,
243,
194,
78,
38,
42,
53,
47,
49,
140,
144,
42,
88,
196,
127,
45,
53,
80,
75,
44,
45,
51,
91,
157,
189,
129,
44,
67,
112,
131,
125,
151,
244,
172,
65,
50,
66,
69,
66,
58,
53,
114,
157,
84,
71,
189,
129,
43,
54,
69,
80,
57,
42,
49,
113,
167,
182,
215,
152,
62,
117,
131,
100,
148,
219,
87,
76,
64,
74,
67,
65,
59,
62,
120,
145,
94,
93,
185,
130,
39,
48,
54,
82,
70,
39,
59,
119,
173,
188,
211,
235,
112,
118,
146,
123,
186,
180,
89,
87,
60,
62,
68,
67,
64,
69,
135,
139,
54,
106,
186,
124,
34,
45,
50,
78,
76,
40,
76,
131,
179,
187,
204,
235,
174,
123,
143,
140,
230,
156,
102,
80,
56,
58,
74,
71,
69,
77,
139,
148,
64,
103,
186,
117,
35,
46,
42,
76,
75,
48,
103,
145,
181,
185,
199,
227,
210,
139,
136,
154,
236,
137,
100,
71,
53,
54,
73,
75,
75,
76,
129,
118,
58,
101,
184,
122,
33,
40,
45,
63,
58,
54,
121,
154,
183,
182,
194,
219,
230,
137,
127,
152,
209,
114,
90,
63,
50,
58,
70,
76,
81,
78,
128,
67,
54,
104,
182,
122,
32,
39,
45,
64,
46,
64,
123,
165,
184,
179,
189,
211,
235,
125,
66,
147,
181,
80,
83,
56,
68,
58,
66,
73,
84,
87,
142,
127,
98,
115,
182,
116,
31,
39,
41,
63,
40,
80,
125,
177,
186,
182,
184,
205,
233,
152,
66,
140,
110,
69,
76,
59,
102,
55,
64,
68,
89,
94,
142,
127,
59,
121,
187,
108,
32,
46,
52,
57,
43,
102,
158,
178,
186,
187,
185,
200,
227,
168,
86,
117,
82,
71,
71,
74,
121,
53,
67,
64,
90,
96,
143,
133,
50,
133,
192,
98,
37,
51,
57,
48,
75,
147,
167,
179,
187,
191,
194,
201,
221,
190,
105,
145,
85,
83,
61,
118,
121,
49,
71,
66,
87,
96,
146,
173,
78,
87,
171,
104,
45,
53,
49,
47,
96,
145,
155,
170,
172,
174,
183,
191,
204,
192,
135,
133,
75,
65,
75,
153,
98,
42,
70,
66,
80,
91,
139,
