0,
66,
41,
39,
66,
36,
35,
43,
45,
47,
56,
63,
78,
130,
146,
157,
108,
44,
51,
32,
54,
38,
21,
25,
58,
80,
77,
74,
65,
65,
74,
71,
74,
68,
31,
41,
67,
36,
34,
45,
50,
49,
62,
66,
103,
133,
154,
163,
164,
66,
49,
37,
120,
42,
22,
38,
78,
84,
81,
78,
70,
76,
76,
73,
87,
58,
30,
43,
67,
35,
34,
47,
53,
50,
56,
80,
111,
124,
139,
151,
164,
105,
52,
111,
170,
60,
20,
58,
83,
81,
80,
73,
68,
78,
73,
76,
90,
46,
36,
46,
70,
40,
34,
49,
54,
48,
63,
83,
103,
109,
121,
131,
139,
127,
116,
153,
155,
52,
27,
74,
82,
79,
78,
70,
66,
77,
72,
80,
88,
38,
38,
46,
73,
42,
32,
51,
61,
48,
68,
79,
95,
103,
104,
116,
111,
127,
147,
145,
112,
34,
41,
82,
83,
81,
77,
67,
68,
77,
73,
85,
84,
35,
35,
44,
71,
40,
32,
55,
68,
53,
65,
73,
83,
92,
94,
92,
114,
138,
154,
126,
72,
23,
58,
83,
81,
81,
76,
65,
74,
74,
75,
89,
78,
36,
35,
43,
71,
40,
32,
57,
81,
54,
62,
68,
65,
76,
52,
78,
135,
143,
124,
67,
53,
24,
72,
85,
81,
79,
72,
63,
76,
68,
74,
89,
74,
38,
38,
44,
71,
42,
33,
49,
86,
62,
61,
58,
42,
49,
57,
113,
124,
107,
70,
69,
25,
35,
82,
87,
82,
78,
68,
64,
78,
70,
79,
85,
74,
41,
41,
44,
72,
42,
34,
41,
84,
59,
61,
43,
36,
39,
97,
119,
122,
88,
56,
36,
22,
44,
86,
89,
84,
78,
66,
66,
74,
69,
86,
82,
73,
41,
38,
43,
73,
42,
33,
40,
74,
54,
42,
32,
42,
56,
113,
104,
135,
112,
42,
29,
26,
59,
83,
85,
85,
77,
64,
68,
71,
69,
88,
79,
73,
40,
37,
43,
74,
42,
36,
42,
57,
56,
33,
30,
42,
94,
109,
100,
132,
130,
40,
32,
29,
70,
85,
79,
77,
75,
62,
71,
70,
74,
87,
73,
72,
42,
37,
42,
74,
42,
34,
46,
58,
51,
37,
30,
57,
109,
64,
70,
115,
81,
33,
33,
35,
73,
81,
84,
78,
65,
58,
71,
68,
77,
84,
77,
75,
40,
36,
40,
75,
43,
32,
68,
55,
49,
37,
28,
92,
74,
49,
60,
94,
43,
31,
35,
42,
78,
77,
80,
74,
79,
94,
97,
72,
79,
83,
81,
79,
45,
38,
39,
76,
45,
44,
69,
50,
61,
35,
34,
98,
67,
82,
73,
101,
59,
31,
37,
48,
79,
78,
74,
82,
103,
123,
141,
122,
83,
78,
81,
82,
47,
37,
37,
75,
44,
61,
52,
51,
53,
32,
59,
70,
76,
98,
71,
114,
66,
33,
37,
54,
80,
74,
76,
98,
117,
143,
154,
159,
121,
70,
75,
79,
42,
33,
35,
73,
46,
60,
55,
43,
29,
43,
71,
44,
70,
93,
62,
105,
66,
30,
42,
62,
77,
71,
83,
111,
134,
143,
153,
158,
155,
88,
67,
70,
43,
32,
34,
73,
50,
56,
62,
51,
33,
50,
59,
36,
64,
79,
53,
85,
58,
26,
50,
70,
77,
71,
94,
124,
140,
149,
159,
155,
157,
119,
82,
119,
38,
30,
40,
74,
47,
50,
55,
67,
37,
65,
39,
40,
61,
75,
75,
100,
46,
24,
53,
74,
76,
72,
103,
131,
149,
154,
156,
144,
139,
132,
131,
139,
31,
27,
42,
79,
53,
51,
43,
63,
77,
61,
26,
40,
56,
58,
69,
85,
34,
24,
55,
77,
75,
74,
116,
139,
147,
133,
113,
92,
86,
89,
95,
101,
33,
25,
42,
79,
59,
44,
55,
70,
89,
39,
25,
33,
48,
55,
61,
63,
26,
26,
59,
80,
76,
77,
132,
137,
130,
88,
46,
27,
24,
30,
69,
125,
53,
25,
41,
76,
52,
35,
58,
83,
66,
25,
25,
27,
39,
62,
83,
52,
24,
29,
60,
81,
77,
80,
137,
129,
93,
34,
21,
26,
33,
29,
25,
88,
101,
26,
37,
75,
56,
31,
50,
84,
65,
24,
24,
25,
34,
58,
87,
70,
25,
31,
55,
61,
68,
84,
128,
80,
27,
27,
38,
41,
41,
36,
29,
63,
119,
60,
32,
72,
61,
32,
50,
74,
79,
37,
22,
23,
41,
61,
76,
123,
94,
29,
57,
63,
47,
70,
106,
37,
35,
35,
43,
42,
40,
36,
38,
71,
103,
69,
56,
70,
63,
29,
38,
52,
86,
52,
20,
28,
43,
60,
75,
104,
139,
69,
54,
74,
60,
84,
83,
31,
38,
35,
36,
43,
42,
40,
45,
86,
99,
36,
70,
72,
54,
25,
35,
43,
84,
63,
20,
30,
46,
61,
71,
93,
140,
119,
57,
71,
67,
112,
64,
37,
38,
33,
34,
49,
46,
45,
53,
85,
103,
44,
67,
72,
50,
26,
33,
32,
80,
61,
25,
35,
50,
62,
68,
88,
135,
142,
70,
69,
74,
116,
49,
38,
37,
31,
33,
50,
51,
49,
48,
71,
74,
39,
66,
71,
53,
22,
26,
34,
64,
46,
26,
40,
54,
61,
62,
79,
122,
154,
72,
66,
67,
91,
39,
39,
35,
29,
35,
46,
50,
52,
47,
68,
34,
32,
70,
70,
52,
20,
24,
35,
63,
33,
27,
41,
58,
62,
58,
71,
109,
159,
71,
28,
63,
75,
33,
40,
32,
36,
35,
43,
48,
55,
51,
72,
81,
62,
77,
71,
49,
20,
25,
29,
59,
28,
31,
41,
59,
63,
59,
65,
95,
154,
96,
28,
61,
44,
34,
42,
33,
51,
34,
42,
44,
59,
54,
66,
65,
35,
80,
74,
47,
21,
34,
42,
53,
27,
34,
47,
55,
62,
65,
66,
87,
140,
111,
41,
41,
34,
37,
45,
35,
60,
33,
45,
40,
59,
57,
67,
65,
28,
88,
77,
42,
26,
39,
48,
38,
34,
42,
48,
53,
60,
68,
73,
84,
128,
128,
51,
48,
34,
47,
36,
52,
64,
32,
48,
40,
54,
57,
70,
86,
42,
56,
68,
45,
33,
42,
41,
33,
34,
43,
46,
53,
55,
59,
70,
82,
112,
125,
61,
52,
30,
32,
38,
71,
52,
27,
47,
41,
48,
52,
66,
