0,
95,
54,
49,
94,
46,
43,
55,
60,
57,
68,
77,
90,
140,
154,
164,
110,
60,
70,
37,
76,
49,
19,
23,
65,
99,
96,
93,
80,
84,
100,
93,
94,
98,
42,
55,
98,
47,
45,
58,
66,
61,
75,
78,
117,
146,
162,
169,
167,
83,
74,
38,
130,
45,
20,
38,
95,
105,
102,
99,
87,
104,
108,
101,
108,
83,
35,
58,
98,
46,
44,
63,
71,
61,
67,
92,
125,
138,
151,
160,
170,
121,
75,
119,
176,
60,
17,
65,
104,
102,
100,
93,
85,
110,
104,
102,
111,
63,
42,
62,
103,
50,
45,
69,
73,
57,
73,
96,
118,
124,
135,
145,
151,
140,
134,
164,
163,
52,
25,
90,
104,
101,
98,
89,
85,
111,
101,
105,
106,
46,
44,
61,
106,
52,
43,
69,
86,
58,
80,
92,
108,
117,
121,
131,
125,
139,
157,
156,
124,
33,
46,
104,
103,
103,
98,
85,
92,
109,
101,
107,
99,
45,
43,
60,
106,
52,
42,
71,
97,
65,
77,
85,
93,
100,
105,
103,
128,
149,
162,
136,
82,
23,
70,
105,
102,
102,
96,
80,
99,
104,
102,
108,
93,
47,
45,
63,
108,
53,
42,
74,
109,
66,
74,
79,
62,
60,
41,
83,
148,
154,
133,
76,
59,
24,
88,
105,
102,
99,
90,
78,
108,
98,
97,
106,
90,
48,
46,
63,
107,
54,
43,
64,
114,
70,
72,
62,
33,
35,
51,
128,
140,
116,
77,
88,
25,
37,
102,
107,
103,
98,
86,
83,
113,
96,
96,
102,
89,
50,
49,
61,
108,
54,
44,
54,
110,
72,
66,
36,
26,
27,
94,
135,
139,
99,
60,
42,
19,
50,
107,
108,
104,
97,
81,
89,
105,
92,
100,
99,
88,
51,
50,
59,
108,
54,
43,
53,
95,
66,
43,
24,
30,
55,
120,
121,
153,
128,
41,
28,
23,
69,
103,
104,
104,
96,
78,
92,
97,
88,
105,
95,
88,
51,
49,
58,
110,
54,
44,
55,
71,
60,
27,
23,
33,
105,
121,
121,
155,
151,
44,
30,
28,
86,
107,
98,
94,
93,
77,
96,
95,
92,
103,
88,
86,
53,
48,
57,
111,
56,
44,
59,
63,
43,
27,
22,
60,
123,
74,
87,
140,
95,
35,
33,
35,
95,
103,
101,
96,
76,
67,
96,
89,
93,
100,
93,
90,
52,
47,
53,
111,
56,
41,
83,
57,
33,
27,
23,
102,
81,
46,
71,
111,
42,
31,
35,
45,
101,
99,
99,
90,
93,
114,
119,
88,
94,
99,
98,
95,
58,
50,
50,
114,
61,
50,
70,
38,
42,
26,
36,
112,
79,
91,
89,
118,
63,
33,
37,
56,
103,
99,
91,
109,
141,
153,
159,
137,
96,
92,
97,
99,
60,
45,
47,
114,
62,
61,
38,
37,
38,
28,
64,
84,
98,
121,
93,
130,
84,
38,
40,
67,
104,
93,
98,
146,
156,
168,
173,
174,
131,
80,
85,
93,
53,
35,
43,
110,
63,
54,
39,
32,
26,
44,
76,
54,
96,
119,
87,
123,
85,
34,
46,
80,
102,
89,
118,
162,
170,
168,
174,
176,
166,
96,
76,
79,
53,
34,
41,
110,
64,
49,
41,
36,
30,
50,
62,
45,
89,
104,
76,
104,
73,
27,
55,
90,
98,
91,
137,
170,
172,
173,
178,
172,
167,
126,
90,
127,
48,
33,
48,
111,
62,
42,
36,
47,
33,
67,
37,
51,
85,
99,
97,
117,
55,
24,
62,
97,
95,
93,
151,
174,
178,
178,
174,
157,
152,
145,
144,
151,
35,
29,
49,
113,
67,
43,
27,
42,
76,
63,
23,
50,
81,
81,
87,
102,
37,
24,
66,
100,
94,
96,
163,
177,
178,
165,
138,
108,
100,
104,
111,
117,
33,
24,
49,
115,
71,
37,
38,
47,
90,
40,
22,
37,
71,
79,
78,
78,
25,
26,
71,
102,
94,
98,
174,
178,
173,
120,
59,
28,
23,
32,
79,
142,
54,
23,
48,
112,
62,
29,
41,
58,
64,
25,
24,
27,
52,
84,
104,
63,
21,
30,
71,
101,
94,
97,
179,
174,
126,
39,
18,
23,
29,
26,
25,
98,
108,
25,
44,
111,
67,
25,
35,
60,
52,
22,
24,
25,
40,
77,
107,
78,
23,
31,
62,
74,
79,
101,
174,
108,
28,
25,
38,
40,
37,
31,
27,
71,
124,
58,
35,
106,
71,
25,
36,
51,
60,
32,
23,
24,
53,
83,
99,
145,
104,
28,
67,
77,
51,
88,
147,
42,
35,
33,
43,
40,
36,
32,
33,
78,
110,
67,
57,
104,
76,
23,
28,
34,
63,
46,
19,
28,
54,
85,
102,
132,
168,
74,
67,
92,
70,
115,
115,
35,
41,
32,
34,
40,
38,
35,
40,
97,
103,
35,
71,
106,
67,
19,
27,
30,
58,
53,
19,
33,
60,
86,
99,
123,
167,
127,
70,
90,
84,
155,
88,
43,
38,
30,
31,
44,
43,
40,
48,
98,
107,
43,
69,
106,
64,
21,
28,
23,
56,
51,
23,
46,
67,
85,
94,
116,
159,
155,
84,
87,
95,
160,
66,
44,
36,
29,
30,
44,
46,
47,
47,
85,
79,
38,
67,
104,
66,
19,
24,
27,
43,
35,
26,
54,
73,
87,
89,
109,
147,
171,
82,
79,
89,
130,
51,
42,
34,
27,
31,
41,
45,
51,
47,
84,
36,
33,
71,
102,
65,
18,
23,
27,
43,
25,
31,
54,
78,
89,
87,
102,
136,
177,
75,
29,
87,
108,
35,
41,
30,
37,
32,
38,
43,
53,
52,
91,
87,
63,
80,
102,
63,
17,
22,
22,
42,
23,
36,
56,
83,
91,
88,
96,
123,
172,
102,
29,
81,
56,
32,
42,
33,
58,
31,
38,
41,
57,
57,
87,
75,
32,
83,
106,
60,
18,
26,
32,
36,
23,
43,
72,
84,
91,
93,
95,
116,
160,
120,
43,
52,
36,
37,
43,
38,
69,
31,
40,
39,
58,
59,
87,
77,
27,
94,
111,
56,
21,
31,
37,
28,
34,
64,
77,
84,
90,
96,
102,
114,
150,
140,
55,
67,
39,
47,
33,
61,
72,
29,
44,
39,
54,
60,
90,
110,
44,
55,
95,
58,
26,
32,
30,
25,
39,
63,
69,
79,
82,
84,
96,
110,
136,
140,
70,
61,
32,
32,
42,
89,
59,
24,
42,
39,
47,
56,
83,
