11111111
00000110
00000000
11111111
00000000
00011101
01101101
01110110
00100110
01110110
01001000
00000001
11111111
11111111
11111111
00100110
00000000
11010101
00000000
11111000
00000101
00000000
00000000
00110100
11100001
10011100
10110010
00101011
00111110
11000101
01100110
10000110
11111111
00000000
00010110
11111111
00000000
00110000
10000101
10101110
01010101
10111101
01000101
11111111
11111111
11111111
11111111
11111111
00000000
10001001
00000000
11111111
00000000
00000000
00000000
11111111
11111111
11101001
11111110
01111010
11111111
11111111
10111110
11111111
11111111
00000000
00101101
11111111
00000000
00010001
10011111
11001010
01000011
01001101
10101011
11111111
11111111
11111111
11111111
11111111
11011000
00000000
11101100
11111111
00000000
00000000
10011101
11111111
11010011
11010011
10111001
01001000
11111111
11000110
10110000
11111111
11111111
00000000
01001001
11111111
00000000
00001110
11000100
11000100
00000001
01111111
11001101
11111111
11100011
11111111
11111111
11111111
11111111
11111111
11111111
11111111
00000000
00000000
11111111
11111111
11000110
11010001
10011010
01001100
11111111
10100001
11011011
11011110
01011110
00010010
00101100
11111111
00000000
00000000
10100100
11111111
00000000
11000101
10111110
11111111
11111111
11111010
11111111
10100100
11110100
11111111
11111111
11111111
00000000
00000000
11111111
11011011
11100010
11100010
01110001
10011110
11111111
10100011
11111111
10010111
01011101
00010011
00011000
11111111
00000000
00000000
10010100
11111111
00000011
10101011
10111001
11100011
11111111
11111111
10010100
11111000
11111111
11111111
11111111
10111101
00000000
10101100
11111111
11000101
11100011
11100001
00110110
11101100
11101010
10111110
11111111
01100011
01101101
00100011
00110100
11111111
00000000
00000000
10011110
11111111
00000000
10100100
11101000
01001001
01010000
00000000
00000000
11111111
11111111
11111111
00000000
01100011
00000000
11111111
11111111
11000111
11010011
10110010
00011001
11111111
10100101
10011110
11111111
01010110
01100111
00100010
00101011
11111111
00000000
00000000
00110010
11111111
00010001
11000011
10101100
00000000
00000000
00000000
11111111
11111111
11010010
00000010
11111111
00000000
00000000
11111111
11111011
11010010
11011010
10010001
01010000
11111111
10010111
10101010
11111111
01100010
01101111
00111110
00010100
11111111
00000000
00010101
00000000
11111111
01010100
11010111
00000100
00000000
00000000
11111111
11111111
11111111
10001000
00000000
00111011
00000000
00001111
11111111
11110110
11011111
11011100
01011011
10011011
11111111
01111000
11100011
11100011
01101111
01110001
01001000
00000000
11111111
00000000
00010010
00001110
11111111
01110100
00111000
00000000
00000000
00000000
11111111
10101100
11111111
11111111
00000000
00000000
00000000
10100111
11111111
11010111
11110110
11101000
00111011
11001010
11011101
01011011
11111111
11000001
10001110
01110000
00111111
00000000
11111111
00000000
00010110
01001110
11011000
10100101
00000000
00000000
00000000
11111111
11111111
11101111
11111111
11111111
00000000
00100001
00000000
11111111
11111111
10101000
10101100
11110010
01001100
11111111
11001111
10010110
11111111
01111000
10000010
10001011
00111100
00000000
11111111
00000000
00000000
10000100
10101001
01000001
00001100
00000000
01011000
11111111
00000000
00011111
11111111
11110001
00000000
00101111
00000000
11111111
11110100
11100000
11011000
00100100
00000000
11010111
01110101
10101010
11110000
10101011
10100001
01110111
00110001
00000000
11111111
00000000
00000000
11111111
10001011
00000111
00010010
00000000
11111111
01111011
00000000
00000000
11111111
00000000
00000000
00101101
00000000
11111111
11000110
11001010
01011110
01010100
11101100
11111111
00000000
10010010
11100011
11010111
10111001
10111000
01011000
00000000
11111111
00000001
00011100
11111111
00000000
10001000
00000000
00000000
11111111
00110111
11101000
01101101
11111111
00101011
00000000
00011001
00011100
11111111
11001010
01001101
10110000
11111111
11111111
11111111
11111111
01000001
10001100
11100101
11110010
11100101
00110110
00000000
11111111
00000000
10101101
00000000
00101111
01101011
00000000
10110100
11100001
11100000
11111111
00110100
11111111
11011000
00000000
00001001
01100110
11111111
01111110
01001001
11111111
11111111
11111111
11111111
11111111
11111111
00000000
10001010
11101100
10111101
00000000
00000000
11111111
00000110
01111011
00101010
00100011
00000000
01000010
11111111
00000000
11110110
11111111
00000000
11111111
11101101
00000000
00011101
11000110
11111111
00110001
11000010
11111111
11111111
11111111
11111111
11111111
11111111
00100111
00000000
01000100
11100001
00000000
00000000
11111111
00100111
01011001
01001011
01001100
00000000
01111101
11000100
00000000
11101101
11111111
00000000
11111111
10100001
00000000
01011010
11111111
11110011
00011011
11111111
11111111
11111111
11111111
11111111
11111111
11111111
11100000
00000000
11111111
11001000
00000000
00000000
11111111
00010101
00011111
00100001
10010101
00000000
11111111
00000000
00100110
11111010
11111111
11001000
11111111
00101010
00000000
10001001
11111111
10111111
00000101
11111111
11111111
11111111
11111111
11111111
11111111
11111111
11111111
11111111
11111111
01100001
00000000
00000000
11111111
01001100
00110010
00000000
00011010
11111111
11110010
00000000
01011101
11111111
10000101
10001011
11111111
00000000
00000000
10011010
11111111
10100101
00000000
11111111
11111111
11111111
11111111
11111111
11111001
11111011
11111110
11000100
11010001
01011001
00000000
00000000
11111111
10000100
00000000
00111000
00100010
11111111
00001101
00000000
00010100
11011011
10011000
01100110
11111111
00000000
00000000
10111110
11111111
10011110
00000000
11111111
11111111
11111111
11111111
00000000
00000000
00000000
00000000
10000111
11111111
11111111
00000000
00000000
11111111
00110101
00000000
01010001
10011001
11110110
00000000
00010010
00000000
01010000
11101000
11111111
01110100
00000000
00000000
11010101
11111111
11000010
00000000
11111111
11111111
11111111
00000000
00000000
00000000
00110010
00000000
00000000
11111111
11111111
00000000
00000000
11111111
10000001
00000000
00011001
11001011
10010100
00000000
00100110
00000000
00000000
10010100
11111111
01110010
00000000
00000000
10001101
10001010
01101011
01100101
11111111
10101111
00000000
00000000
01110111
10001000
01110001
01000001
00000000
11111111
11111111
00001010
00000000
11111111
10101101
00000000
01001111
10001110
11110000
00001011
00001010
00000000
01110010
11010101
10110101
11111111
11111111
00000000
10100101
11010000
00000000
00011100
11111111
00000000
00000110
00110110
10010100
01011110
01000011
00101011
00000000
11111111
11111111
01001101
00000000
11111111
11101111
00000000
00100011
00000000
11111111
10000101
00000000
00000000
01011000
11010110
10101000
11111111
11111111
00000000
00101101
11111111
00000000
11111111
11111111
00000000
01111010
00100011
00101111
01011011
01000110
00101000
00000000
11111111
11111111
00000000
01111011
11111111
10010111
00000000
01000000
00000000
11100000
11000011
00000000
00001110
01110100
11010110
10100111
11000001
11111111
11111111
00000000
11111011
00000000
11111111
10010011
00000000
01011010
00011101
00011011
10000110
01100000
00111000
00000000
11111111
11111111
00000000
01111000
11111111
10000100
00000000
01011010
00000000
11110000
11000101
00000000
01101001
10010010
11000011
10010010
10101101
11111111
11111111
00000000
11000101
01001100
11111111
00000000
00101010
01001001
00100001
00010111
10000001
01101001
01100111
00000000
11111111
11111111
00000000
01101000
11111111
10100001
00000000
00110110
00000011
10001111
00110100
00000000
10001110
10101010
11010000
01111001
10100000
11111111
11111111
00000000
10100010
01110011
11111111
00000000
01010011
00110110
00001011
00100000
01100101
01010111
10000010
00000000
11111111
00000000
00000000
01111001
11111111
10011111
00000000
00110110
00011000
10111010
00000000
00000001
01100111
11000001
11010110
01110111
10010001
11111111
11111111
00000000
00000000
11111111
11111111
00000000
01101111
00000000
01011110
00010011
01001110
01000010
10001001
00000000
11111111
11111111
10000101
11010000
11111111
10001110
00000000
00100101
00000000
10111101
00000000
00100001
01001111
11010111
11011001
10001000
01111000
10110000
11111111
11010111
00000000
11111111
01011100
00000000
10000011
00000000
11111111
00000000
01010101
00101100
10101000
00011010
11111111
11111111
00000000
11010111
11111111
01101010
00000000
00111100
01001100
01110111
00000000
00101101
11000001
11000100
11001001
10110101
01111010
10010100
11111111
11111111
00000000
01110010
00000000
00101010
01101011
00000000
11111111
00000000
01101100
00010011
10101110
00101000
11111111
11111111
00000000
11111111
11111111
01000001
00000000
01011000
10000010
00011000
00010011
11011100
11010100
11000100
11001111
11100011
11011000
10101111
11111111
11111111
00000000
11111111
00011010
10110000
00000000
10100101
11111111
00000000
10011101
00011011
10001111
01000010
11111111
11111111
00000000
00000000
11111111
01010011
00000000
01010110
00110011
00000000
00110010
10101100
01100010
10001001
01110101
01010110
10001110
10001000
11111111
11111111
00000000
10111010
00000000
00001000
00010001
11111111
10011001
00000000
10000101
00011011
01000101
00010110
11111111
