011010000110100001101000
011010000110100001101000
011001100110011001100110
011000100110001001100010
011001000110010001100100
011001100110011001100110
011001010110010101100101
011010000110100001101000
011010100110101001101010
011010010110100101101001
011010110110101101101011
011010100110101001101010
011001100110011001100110
011001110110011101100111
011001010110010101100101
011001000110010001100100
011000010110000101100001
010111110101111101011111
010111110101111101011111
011000000110000001100000
011000000110000001100000
011000000110000001100000
011000110110001101100011
011000110110001101100011
011001000110010001100100
011001000110010001100100
011000110110001101100011
011110000111100001111000
011110000111100001111000
011101010111010101110101
011101010111010101110101
011100110111001101110011
011101010111010101110101
011101000111010001110100
011100100111001001110010
011011110110111101101111
011011110110111101101111
011100010111000101110001
011101000111010001110100
011100110111001101110011
011100110111001101110011
011101100111011001110110
011101110111011101110111
011110000111100001111000
011101000111010001110100
011101000111010001110100
011101010111010101110101
011101110111011101110111
011101010111010101110101
011100100111001001110010
011101000111010001110100
011101010111010101110101
011101000111010001110100
011101100111011001110110
011110100111101001111010
011110000111100001111000
011110110111101101111011
011111010111110101111101
011100100111001001110010
011111110111111101111111
011111100111111001111110
011111100111111001111110
011111110111111101111111
100000001000000010000000
100000001000000010000000
100000001000000010000000
011111100111111001111110
011111100111111001111110
011111000111110001111100
011111010111110101111101
011111110111111101111111
011111010111110101111101
011111110111111101111111
011111010111110101111101
011110100111101001111010
011111000111110001111100
011111000111110001111100
011111100111111001111110
100000001000000010000000
100000101000001010000010
100000001000000010000000
011110110111101101111011
011111010111110101111101
011111000111110001111100
011111100111111001111110
100000011000000110000001
100000101000001010000010
100000101000001010000010
100000001000000010000000
100001101000011010000110
011111000111110001111100
100001101000011010000110
100001101000011010000110
100010001000100010001000
100001101000011010000110
100010011000100110001001
100001101000011010000110
100001101000011010000110
100010101000101010001010
100011001000110010001100
100010011000100110001001
100010011000100110001001
100011001000110010001100
011110110111101101111011
010111100101111001011110
010100000101000001010000
001111010011110100111101
001101000011010000110100
001101000011010000110100
010000100100001001000010
011010000110100001101000
100010101000101010001010
100001101000011010000110
100000001000000010000000
100000011000000110000001
100001011000010110000101
100001111000011110000111
100010011000100110001001
100010111000101110001011
100011001000110010001100
100010001000100010001000
100011001000110010001100
100001111000011110000111
100000111000001110000011
100011101000111010001110
100100101001001010010010
100100111001001110010011
100100101001001010010010
100100001001000010010000
100100101001001010010010
100101101001011010010110
100100101001001010010010
100100101001001010010010
100110001001100010011000
011111110111111101111111
011001110110011101100111
100010001000100010001000
100100001001000010010000
011101100111011001110110
010010100100101001001010
001001100010011000100110
000101100001011000010110
000101100001011000010110
010101000101010001010100
100100011001000110010001
100011011000110110001101
100011001000110010001100
100011111000111110001111
100100111001001110010011
100101001001010010010100
100100101001001010010010
100011111000111110001111
100011101000111010001110
100100101001001010010010
100011111000111110001111
100010101000101010001010
100110011001100110011001
100101001001010010010100
100110111001101110011011
101000001010000010100000
100111111001111110011111
100111111001111110011111
100110111001101110011011
100110111001101110011011
100111011001110110011101
100011101000111010001110
010100010101000101010001
101000111010001110100011
110000011100000111000001
110000011100000111000001
101100101011001010110010
100001011000010110000101
010011010100110101001101
001000110010001100100011
000101000001010000010100
000100000001000000010000
011010010110100101101001
100011101000111010001110
100100001001000010010000
100101101001011010010110
100110001001100010011000
100110101001101010011010
100111101001111010011110
100110011001100110011001
100101011001010110010101
100110101001101010011010
100110001001100010011000
011011000110110001101100
011111000111110001111100
011110100111101001111010
100001111000011110000111
100100111001001110010011
100011111000111110001111
100101111001011110010111
101000001010000010100000
101010001010100010101000
101010011010100110101001
010110110101101101011011
010011000100110001001100
100111011001110110011101
101011001010110010101100
101010111010101110101011
100101001001010010010100
100010011000100110001001
011100010111000101110001
001101010011010100110101
000101100001011000010110
000100000001000000010000
001100000011000000110000
011001010110010101100101
011100010111000101110001
011111110111111101111111
100001101000011010000110
100111011001110110011101
101000101010001010100010
101001001010010010100100
100101111001011110010111
100100011001000110010001
100010001000100010001000
010000110100001101000011
010111110101111101011111
011010010110100101101001
011011010110110101101101
011010000110100001101000
011000000110000001100000
011001110110011101100111
100000011000000110000001
100101001001010010010100
100010111000101110001011
010000010100000101000001
010011110100111101001111
011111110111111101111111
100011101000111010001110
100000111000001110000011
100000001000000010000000
011101000111010001110100
011101100111011001110110
010000100100001001000010
000110010001100100011001
000101010001010100010101
001000110010001100100011
010010100100101001001010
010110010101100101011001
010111110101111101011111
011000100110001001100010
100100101001001010010010
101001011010010110100101
101000111010001110100011
100100111001001110010011
100001101000011010000110
100000011000000110000001
010011100100111001001110
010100110101001101010011
010110100101101001011010
010110110101101101011011
010110010101100101011001
010101000101010001010100
010011110100111101001111
010100000101000001010000
010100110101001101010011
010011100100111001001110
001100000011000000110000
010100000101000001010000
101011111010111110101111
101010111010101110101011
100011111000111110001111
101010001010100010101000
101011101010111010101110
011111110111111101111111
001100100011001000110010
000110110001101100011011
000110000001100000011000
000111100001111000011110
010010010100100101001001
010110010101100101011001
010111010101110101011101
010111100101111001011110
011110000111100001111000
100011101000111010001110
100001111000011110000111
011111100111111001111110
011111010111110101111101
011100100111001001110010
010000100100001001000010
001111110011111100111111
010011100100111001001110
010100000101000001010000
010100100101001001010010
010101000101010001010100
010011110100111101001111
010011010100110101001101
010001110100011101000111
001110000011100000111000
001010000010100000101000
001011110010111100101111
100010101000101010001010
100110011001100110011001
011001110110011101100111
100010101000101010001010
100011011000110110001101
010110100101101001011010
001001110010011100100111
000111000001110000011100
000110100001101000011010
000110100001101000011010
001101010011010100110101
010001000100010001000100
010010000100100001001000
010010110100101101001011
010101000101010001010100
010111000101110001011100
010111110101111101011111
010101000101010001010100
010100110101001101010011
010110110101101101011011
001101010011010100110101
001111110011111100111111
010010100100101001001010
010011100100111001001110
010011000100110001001100
010010000100100001001000
010010000100100001001000
010010110100101101001011
010011010100110101001101
010010010100100101001001
001100000011000000110000
001000100010001000100010
010010010100100101001001
100100001001000010010000
100010111000101110001011
011110010111100101111001
011010100110101001101010
010000110100001101000011
001000100010001000100010
000111000001110000011100
000110000001100000011000
000110100001101000011010
001110010011100100111001
010011000100110001001100
010100010101000101010001
010011010100110101001101
010011100100111001001110
010100100101001001010010
010100010101000101010001
010100100101001001010010
010100000101000001010000
010110000101100001011000
001011110010111100101111
001110100011101000111010
001110100011101000111010
010010000100100001001000
010011000100110001001100
010010000100100001001000
010011100100111001001110
010101100101011001010110
011000010110000101100001
011000110110001101100011
001101000011010000110100
001000110010001100100011
000110110001101100011011
001101100011011000110110
010111010101110101011101
010010100100101001001010
001101110011011100110111
001100100011001000110010
001011000010110000101100
000111010001110100011101
000110000001100000011000
000110010001100100011001
001011110010111100101111
010011000100110001001100
010100110101001101010011
010011100100111001001110
010010110100101101001011
010001110100011101000111
010010010100100101001001
010101000101010001010100
010101100101011001010110
010101000101010001010100
001101010011010100110101
010000100100001001000010
010000110100001101000011
010011100100111001001110
010110010101100101011001
010110000101100001011000
010110110101101101011011
011000100110001001100010
011001100110011001100110
011000000110000001100000
001110100011101000111010
001000110010001100100011
001000000010000000100000
001000010010000100100001
010101010101010101010101
011100110111001101110011
010111100101111001011110
011001000110010001100100
011000100110001001100010
001100000011000000110000
000111000001110000011100
001000000010000000100000
000111110001111100011111
001111100011111000111110
010011000100110001001100
010100100101001001010010
010100110101001101010011
011000000110000001100000
011001000110010001100100
010111000101110001011100
010110100101101001011010
010111000101110001011100
010001100100011001000110
010100010101000101010001
010100010101000101010001
010110100101101001011010
010110000101100001011000
010011110100111101001111
010010110100101101001011
001110000011100000111000
001110100011101000111010
001101110011011100110111
001001010010010100100101
001000010010000100100001
001111010011110100111101
011100110111001101110011
100111011001110110011101
101001101010011010100110
101000011010000110100001
101001011010010110100101
100110001001100010011000
010101000101010001010100
001101000011010000110100
001100100011001000110010
000111000001110000011100
001000100010001000100010
001110100011101000111010
010110000101100001011000
011001010110010101100101
011101110111011101110111
011010000110100001101000
011001000110010001100100
010110000101100001011000
010110010101100101011001
010011100100111001001110
010011100100111001001110
010010010100100101001001
010111000101110001011100
011001000110010001100100
011000010110000101100001
010010010100100101001001
010000000100000001000000
001110000011100000111000
001010110010101100101011
001000000010000000100000
001111010011110100111101
100101011001010110010101
110000011100000111000001
110001001100010011000100
101111011011110110111101
110000001100000011000000
101110111011101110111011
101000101010001010100010
010110110101101101011011
001111000011110000111100
001010000010100000101000
001010010010100100101001
001100010011000100110001
001011000010110000101100
010011010100110101001101
011101010111010101110101
011110100111101001111010
011101010111010101110101
011101100111011001110110
011011010110110101101101
010110100101101001011010
010011000100110001001100
010100010101000101010001
010010100100101001001010
010100000101000001010000
010111110101111101011111
011010110110101101101011
010111110101111101011111
010011000100110001001100
001010100010101000101010
000111100001111000011110
010001000100010001000100
100101011001010110010101
110000011100000111000001
110001111100011111000111
110010001100100011001000
110010001100100011001000
110001111100011111000111
110000001100000011000000
101000011010000110100001
010111000101110001011100
010011010100110101001101
010110000101100001011000
010111110101111101011111
010100100101001001010010
001100000011000000110000
000111110001111100011111
001100000011000000110000
010011110100111101001111
010111110101111101011111
011011110110111101101111
100000011000000110000001
011101110111011101110111
010001010100010101000101
010101010101010101010101
010110000101100001011000
010111000101110001011100
010110110101101101011011
011001010110010101100101
010110100101101001011010
001011010010110100101101
001000000010000000100000
001010000010100000101000
010100110101001101010011
100101111001011110010111
101100011011000110110001
101110001011100010111000
110011001100110011001100
110100101101001011010010
110100001101000011010000
110000001100000011000000
100011011000110110001101
010110010101100101011001
010010000100100001001000
001110110011101100111011
001011000010110000101100
000111100001111000011110
000101110001011100010111
000110000001100000011000
000111000001110000011100
001001110010011100100111
010000000100000001000000
010010000100100001001000
011000010110000101100001
011011010110110101101101
001101010011010100110101
010010100100101001001010
011000010110000101100001
011001000110010001100100
011010000110100001101000
010111000101110001011100
001010110010101100101011
001001100010011000100110
001010010010100100101001
001111010011110100111101
010001010100010101000101
010001000100010001000100
010101110101011101010111
011010110110101101101011
011110000111100001111000
011111000111110001111100
100000011000000110000001
011001100110011001100110
001111100011111000111110
001000100010001000100010
001000010010000100100001
001011100010111000101110
001011100010111000101110
001000110010001100100011
000110000001100000011000
000110100001101000011010
000111100001111000011110
001001000010010000100100
001110010011100100111001
010001110100011101000111
010010110100101101001011
010011100100111001001110
001101000011010000110100
001100100011001000110010
010100010101000101010001
010110000101100001011000
010110000101100001011000
010001110100011101000111
001010010010100100101001
001001100010011000100110
001010010010100100101001
001101010011010100110101
001100000011000000110000
001100110011001100110011
010001010100010101000101
010011010100110101001101
010001010100010101000101
010001000100010001000100
001111100011111000111110
001010000010100000101000
000110000001100000011000
000111000001110000011100
001001110010011100100111
001011010010110100101101
001110110011101100111011
010001010100010101000101
001101110011011100110111
001001100010011000100110
000111100001111000011110
001000110010001100100011
001011000010110000101100
010010000100100001001000
010001110100011101000111
010001110100011101000111
010001000100010001000100
010110000101100001011000
011011110110111101101111
011101000111010001110100
011011000110110001101100
001110010011100100111001
001010100010101000101010
001001110010011100100111
001010000010100000101000
001010100010101000101010
001010110010101100101011
001010100010101000101010
001100100011001000110010
001100100011001000110010
001110110011101100111011
001111000011110000111100
001011000010110000101100
000111000001110000011100
000110110001101100011011
000111100001111000011110
000111110001111100011111
001100000011000000110000
010000000100000001000000
001110000011100000111000
001000000010000000100000
000110000001100000011000
000110110001101100011011
001010100010101000101010
001011100010111000101110
001111110011111100111111
010100010101000101010001
010010100100101001001010
010010110100101101001011
010001110100011101000111
010100010101000101010001
010011000100110001001100
001110100011101000111010
001010100010101000101010
001101000011010000110100
001100110011001100110011
001010010010100100101001
001001010010010100100101
001001000010010000100100
001001010010010100100101
001010010010100100101001
001011110010111100101111
001101110011011100110111
001100000011000000110000
001000110010001100100011
000110110001101100011011
000110000001100000011000
000101110001011100010111
001000100010001000100010
001010100010101000101010
001000000010000000100000
000101110001011100010111
000101110001011100010111
000110000001100000011000
000111000001110000011100
001001100010011000100110
001010010010100100101001
001011110010111100101111
001111100011111000111110
010001000100010001000100
010010000100100001001000
001111110011111100111111
001101110011011100110111
001011110010111100101111
001011100010111000101110
001100010011000100110001
001101100011011000110110
001101100011011000110110
001010100010101000101010
000111110001111100011111
000111010001110100011101
001000000010000000100000
001001000010010000100100
001100100011001000110010
001100000011000000110000
001000010010000100100001
000111000001110000011100
000111000001110000011100
000110000001100000011000
000101100001011000010110
000111000001110000011100
000100100001001000010010
000100100001001000010010
000110100001101000011010
000101110001011100010111
000101100001011000010110
000110010001100100011001
001001010010010100100101
001001110010011100100111
001010110010101100101011
001110010011100100111001
010001010100010101000101
010010000100100001001000
001011110010111100101111
001011100010111000101110
001011000010110000101100
001100100011001000110010
001100110011001100110011
001101000011010000110100
001011000010110000101100
001000100010001000100010
000110000001100000011000
000101100001011000010110
000101110001011100010111
001000100010001000100010
001010100010101000101010
001000110010001100100011
000111000001110000011100
000110100001101000011010
000110010001100100011001
000101110001011100010111
000101010001010100010101
000101000001010000010100
000011110000111100001111
000101010001010100010101
000110010001100100011001
000110110001101100011011
000101110001011100010111
000101010001010100010101
000111110001111100011111
001000100010001000100010
001001110010011100100111
001101100011011000110110
010010100100101001001010
010000000100000001000000
001001110010011100100111
001001100010011000100110
001011010010110100101101
010010010100100101001001
010011110100111101001111
010010100100101001001010
010010000100100001001000
010000100100001001000010
010110000101100001011000
010111010101110101011101
010001010100010101000101
001011010010110100101101
000111100001111000011110
000101010001010100010101
000101100001011000010110
000110000001100000011000
000101110001011100010111
000100010001000100010001
000100100001001000010010
000100100001001000010010
000100100001001000010010
000101010001010100010101
000110010001100100011001
000101110001011100010111
000101000001010000010100
000101000001010000010100
000110100001101000011010
001000000010000000100000
001000010010000100100001
001010000010100000101000
001111000011110000111100
001110010011100100111001
001001110010011100100111
001001000010010000100100
001001110010011100100111
001111110011111100111111
010000110100001101000011
001111100011111000111110
010000000100000001000000
011100010111000101110001
101001011010010110100101
101001001010010010100100
100111101001111010011110
100011101000111010001110
011110110111101101111011
010011110100111101001111
001011010010110100101101
000110000001100000011000
000100100001001000010010
000011000000110000001100
000011010000110100001101
000100000001000000010000
000011110000111100001111
000100010001000100010001
000101100001011000010110
000110000001100000011000
000101000001010000010100
000110100001101000011010
000111100001111000011110
001000100010001000100010
001000110010001100100011
001010000010100000101000
001101010011010100110101
001101110011011100110111
000111100001111000011110
000111000001110000011100
000101100001011000010110
001000000010000000100000
001001000010010000100100
001010010010100100101001
001010110010101100101011
010000000100000001000000
010111010101110101011101
011101100111011001110110
100011001000110010001100
100100111001001110010011
100100111001001110010011
100011001000110010001100
100000011000000110000001
010111010101110101011101
001100010011000100110001
001110010011100100111001
001100100011001000110010
001100110011001100110011
001111000011110000111100
001100010011000100110001
001001000010010000100100
000101010001010100010101
000101000001010000010100
001001000010010000100100
001001100010011000100110
000111010001110100011101
001000010010000100100001
001001010010010100100101
001011110010111100101111
001011000010110000101100
000110100001101000011010
000101110001011100010111
000101010001010100010101
000101110001011100010111
000101000001010000010100
000100110001001100010011
001010100010101000101010
010101100101011001010110
011110100111101001111010
011110000111100001111000
011010010110100101101001
011101010111010101110101
011111010111110101111101
011101110111011101110111
011001110110011101100111
010101010101010101010101
010100000101000001010000
010011000100110001001100
010000100100001001000010
010000110100001101000011
001111010011110100111101
001101010011010100110101
001011000010110000101100
001000000010000000100000
000011100000111000001110
000100010001000100010001
000101110001011100010111
000110010001100100011001
000111000001110000011100
001000010010000100100001
001101000011010000110100
000111010001110100011101
000101000001010000010100
000110000001100000011000
000110010001100100011001
000110010001100100011001
000101110001011100010111
000101010001010100010101
010000000100000001000000
011001100110011001100110
011111010111110101111101
100000001000000010000000
010101010101010101010101
010010100100101001001010
010101000101010001010100
011000000110000001100000
010100000101000001010000
010011110100111101001111
001110010011100100111001
001010000010100000101000
001001100010011000100110
001001000010010000100100
001001100010011000100110
001000000010000000100000
000110110001101100011011
000101000001010000010100
000010110000101100001011
000010110000101100001011
000100010001000100010001
000101100001011000010110
000111000001110000011100
001001010010010100100101
001101010011010100110101
000110100001101000011010
000101010001010100010101
000110000001100000011000
000101100001011000010110
000101000001010000010100
000101010001010100010101
000110100001101000011010
001010000010100000101000
010001010100010101000101
011000100110001001100010
001111100011111000111110
001100010011000100110001
001010110010101100101011
001011110010111100101111
001100100011001000110010
001011000010110000101100
001001010010010100100101
001000100010001000100010
000100110001001100010011
000100010001000100010001
000011100000111000001110
000011110000111100001111
000011110000111100001111
000011010000110100001101
000010100000101000001010
000010100000101000001010
000010110000101100001011
000100100001001000010010
000101100001011000010110
000110110001101100011011
000111110001111100011111
001001110010011100100111
000110010001100100011001
000101010001010100010101
000101010001010100010101
000100100001001000010010
000101010001010100010101
000101100001011000010110
000101010001010100010101
000101100001011000010110
001000100010001000100010
001010110010101100101011
000110100001101000011010
000111010001110100011101
001000000010000000100000
001001000010010000100100
001000000010000000100000
000101110001011100010111
000101000001010000010100
000100110001001100010011
000011110000111100001111
000011010000110100001101
000010100000101000001010
000010000000100000001000
000010010000100100001001
000010010000100100001001
000010010000100100001001
000010000000100000001000
000010010000100100001001
000100010001000100010001
000101110001011100010111
000101010001010100010101
000110010001100100011001
001000010010000100100001
000101100001011000010110
000100010001000100010001
000011110000111100001111
000100010001000100010001
000100010001000100010001
000100010001000100010001
000100110001001100010011
000101010001010100010101
000101010001010100010101
000100100001001000010010
000100100001001000010010
000100100001001000010010
000101100001011000010110
000100010001000100010001
000011100000111000001110
000010110000101100001011
000010000000100000001000
000010000000100000001000
000010000000100000001000
000010100000101000001010
000010000000100000001000
000001100000011000000110
000010000000100000001000
000001110000011100000111
000010000000100000001000
000001110000011100000111
000001110000011100000111
000010110000101100001011
000100010001000100010001
000011110000111100001111
000100010001000100010001
000110000001100000011000
000101100001011000010110
000011110000111100001111
000011110000111100001111
000100000001000000010000
000100000001000000010000
000101000001010000010100
000101100001011000010110
000101100001011000010110
000100010001000100010001
000011110000111100001111
000100010001000100010001
000101010001010100010101
000101110001011100010111
000100010001000100010001
000011110000111100001111
000011100000111000001110
000010110000101100001011
000011000000110000001100
000011000000110000001100
000011100000111000001110
000011000000110000001100
000010100000101000001010
000010000000100000001000
000010010000100100001001
000010100000101000001010
000001110000011100000111
000001110000011100000111
000010000000100000001000
000010110000101100001011
000011000000110000001100
000011010000110100001101
000101010001010100010101
000101010001010100010101
000101010001010100010101
000101010001010100010101
000101010001010100010101
000101010001010100010101
