11111111
01111001
00000111
11111111
00000000
01010010
11101000
11111000
01110100
11001000
11010111
10001001
11111111
11111111
11111111
00011100
00000000
11111111
00000000
11111111
11100001
00000000
00000000
01101010
11111111
11111111
11111111
01011111
10001001
11111111
11111111
10001100
11111111
00000000
01101001
11111111
00000000
10000101
11111111
11111111
11010111
11111111
11101111
11111111
11111111
11111111
11111111
11111111
11000010
11111111
00000000
11111111
00000000
00000000
00000000
11111111
11111111
11111111
11111111
10110110
11111111
11111111
11111111
11111111
11111111
00000000
10001001
11111111
00000000
01100010
11111111
11111111
10101100
11111111
11111111
11111111
11111111
11111111
11111111
11111111
11111111
11010000
10111100
11111111
00000000
00000000
11111100
11111111
11111111
11111111
11111111
01101111
11111111
11111111
11111111
11111111
11111111
00001010
11001011
11111111
00000010
01101101
11111111
11111111
01101001
11111111
11111111
11111111
11111111
11111111
11111111
11111111
11111111
11111111
11111111
11111111
00000000
00000000
11111111
11111111
11111111
11111111
11111111
10010001
11111111
11111111
11111111
11011100
11101011
01011100
10101101
11111111
00001000
01010010
11111111
11111111
00110110
11111111
11111111
11111111
11111111
11111111
11111111
11111111
11111111
11111111
11111111
11111111
00000000
00000000
11111111
11111111
11111111
11111111
10111111
11111111
11111111
11111111
11111111
10111100
10110011
01100101
10010011
11111111
00000011
00101110
11111111
11111111
01111100
11111111
11111111
11111111
11111111
11111111
11111111
11111111
11111111
11111111
11111111
11111111
00000000
11111111
11111111
11111111
11111111
11111111
01101110
11111111
11111111
11111111
11111111
10110010
11001110
01011111
11000101
11111111
00001100
00110111
11111111
11111111
01110011
11111111
11111111
10010100
00101100
00000000
00110110
11111111
11111111
11111111
11101100
10101010
00000000
11111111
11111111
11111111
11111111
11111111
01010100
11111111
11111111
11111111
11111111
10111101
11100100
10001100
11001000
11111111
00010000
01010010
10100011
11111111
10011110
11111111
11111111
00000000
00000000
00000000
11111111
11111111
11111111
01011010
11111111
00000000
00000000
11111111
11111111
11111111
11111111
11100000
10111010
11111111
11111111
11101101
11111111
11011100
11111111
10111110
10000011
11111111
00011000
01100000
01100001
11111111
11111111
11111111
00000000
00000000
00000000
11111111
11111111
11111111
11111111
00100010
10000001
00000000
00010111
11111111
11111111
11111111
11111111
10101011
11111111
11111111
11111111
11111111
11111111
11011011
11110010
10110011
01011111
11111111
00001111
01100011
10101010
11111111
11111111
10000001
00000000
00000000
01001010
11111111
11111111
11111111
11111111
00000000
00000000
00000000
11111111
11111111
11111111
11111111
11111111
10001111
11111111
11111111
11001001
11111111
11111111
11111111
11111111
10101111
01010010
11111111
00011100
10000110
11111111
11111111
11111111
00000000
00000000
00000000
11111111
11111111
11111111
11111111
11111111
00000000
00101000
00000000
11111111
11111111
11100001
11111111
11111111
10100100
11111111
11111111
11111111
11111111
11010000
11100000
11111111
10100110
01010011
11111111
00011011
01001001
11111111
11111111
01110010
00000000
00000000
10110000
11111111
10011010
11111111
11111111
11111111
00000000
00111110
00000000
11111111
11111111
11111111
11111111
00110111
00000000
11111111
11111111
11110011
11111111
11111111
11111110
11111111
10000010
00011100
11111111
00101110
00101101
11111111
11111111
00000000
00100010
00000000
11111111
11001000
00000000
10000011
11111111
00000000
00000000
01000100
00000000
11111111
11111111
11111111
10011001
10000110
11111111
11111111
10111100
11000011
11111111
11111111
11111111
11111111
10111011
00000000
11111111
01110001
10111000
11111111
00000000
10001010
00000000
00000000
11111111
11111111
11111111
11111111
11111111
11011100
00000000
00100001
00110111
11111111
11111111
10010110
11111111
11111111
11111111
11111111
11111111
01110110
11011110
11111111
11111111
11111111
10010111
00000000
11111111
10000010
11111111
00000000
00001111
10010010
00000000
11101100
11111111
11111111
11111111
11111111
11111111
11111111
00000000
00000000
11000111
11111111
11100011
10011100
11111111
11111111
11111111
11111111
11111111
11111111
00010100
11011110
11111111
11111111
00000000
00000000
11111111
10100101
11000000
00001110
00010111
00010101
10101101
11111111
00001001
11111111
11111111
11111010
11111111
11111111
00000000
00000010
11111111
11111111
01111010
11111111
11111111
11111111
11111111
11111111
11111111
11111111
01110000
01000001
10001010
11111111
00000000
00000000
11111111
11100010
01101001
01000011
01000101
00101001
11110100
11101001
00000000
11111111
11111111
10001000
11111111
11111111
00000000
10000000
11111111
11111111
01011010
11111111
11111111
11111111
11111111
11111111
11111111
11111111
11111111
00100111
11111111
11111111
00100010
00000000
11111111
11010111
01010000
00010101
10101000
00000000
11111111
00000000
10001111
11111111
11111111
11111111
11111111
10101000
00000000
11110001
11111111
11111111
01011000
11111111
11111111
11111111
11111111
11111111
11111111
11111111
11111111
11111111
11111111
11111111
00000000
00000110
11111111
11111111
01000010
00000000
00000111
11111111
11111111
00000000
11001011
11111111
11111111
11111111
11111111
00000000
00000000
11111111
11111111
11110111
01100101
11111111
11111111
11111111
11111111
11111111
11111111
11111111
11111111
11111111
11111111
11010011
00000000
00000101
11111111
11111111
00001011
00100010
00010000
11111111
01010011
00000000
01010010
11111111
11111111
11111111
11111111
00000000
00000000
11111111
11111111
11110011
01011001
11111111
11111111
11111111
11111111
01100001
00000000
00000000
00000000
11101100
11111111
11111111
00000000
00101101
11111111
11011101
00000000
01001100
10010001
11111111
00000000
00000110
00000000
11110011
11111111
11111111
11011111
00000000
00010101
11111111
11111111
11111110
00100011
11111111
11111111
11111111
00000000
00000000
00000000
01010001
00000000
00000000
11111111
11111111
00000000
00000000
11111111
11111111
00000000
00110001
11100001
10111011
00000000
00110101
00000000
00010001
11111111
11111111
10010111
00000000
00000000
11111111
11111111
10001001
10001001
11111111
11111111
00000000
00000000
10110010
11011011
11001000
01111110
00000000
11111111
11111111
00000110
00000000
11111111
11111111
00000000
01101101
10100100
11111111
01011101
00000110
00000000
11111111
11111111
11111111
11111111
11111111
00000000
11111111
11111111
00000000
10011000
11111111
00000000
01010110
01100100
11101010
10000101
10000100
01010110
00000000
11111111
11111111
01011011
00000000
11111111
11111111
00000000
01011100
00100010
11111111
11001110
00000000
00000000
11110011
11111111
11111111
11111111
11111111
00000000
10101100
11111111
00000110
11111111
11111111
00000000
11111111
00101011
01100011
10001110
10000101
01100101
00000000
11111111
11111111
00000000
01011111
11111111
11111111
00000000
01100110
00011101
11111111
11111100
00000000
01001100
11111111
11111111
11111111
11111111
11111111
11111111
00110100
11111111
00101110
11111111
11111111
01111000
10110110
00100011
01010000
11010100
10010001
01110100
00001110
11111111
11111111
00000000
01011011
11111111
11111111
00000000
10001000
00000000
11111111
11111111
00000000
11111111
11111111
11111111
11111111
11111111
11111111
11111111
01101110
11110101
10100111
11111111
10000101
10111011
01110100
00101000
00110000
11000010
10100001
10010011
00000000
11111111
11111111
00000000
01001011
11111111
11111111
00000000
01010011
00100011
10110011
01011010
00000000
11111111
11111111
11111111
11111111
11111111
11111111
11111111
01100110
11010110
11111111
11111111
00011000
11000100
00111011
00010011
01011000
10100111
10100011
10111010
00000000
11111111
00000101
00000000
01000010
11111111
11111111
00000000
01010100
00111000
11101111
00000000
00000000
11111111
11111111
11111111
11111111
11111111
11111111
11111111
00000100
00000000
11111111
11111111
00000000
11011111
00000000
10110011
00101111
10001010
10000100
11000010
00100000
11111111
11111111
11001110
10100011
11111111
11111111
00000000
01001000
00000101
11110010
00000000
01100011
11001011
11111111
11111111
11111111
11111111
11111111
11111111
11111111
00000000
11111111
11010101
00000000
11000101
00000000
11111111
00000000
10001000
01010011
11101010
01000011
11111111
11111111
00000000
11000010
11111111
11001101
00000000
01111000
01110110
10010111
00000000
10111001
11111111
11111111
11111111
11111111
11111111
11111111
11111111
11111111
00000000
11111111
00000000
01001001
01100011
00001011
11111111
00000000
10110100
00100110
11110000
01001001
11111111
11111111
00000000
11111111
11111111
01101000
00000000
10001011
10100111
00000100
01000001
11111111
11111111
11111111
11111111
11111111
11111111
11111111
11111111
11111111
00000000
11111111
01001111
11110101
00000000
11111111
11111111
00000000
11101001
01000001
11011101
01011000
11111111
11111111
00000000
00000000
11111111
10101010
00000000
10010010
01001110
00000000
11100100
11111111
11111001
11111111
11111111
11110001
11111111
11111111
11111111
11111111
10010001
11111111
00000000
00101010
00001000
11111111
11010001
00000000
11011100
00111110
10010001
00100001
11111111
