11001110
10110111
11111111
10011110
10111111
11111111
11111111
11111111
11111111
11111111
11111111
11111111
11111111
11111111
11111111
00101110
11111111
00101001
11111111
10011111
01000010
00111010
11111111
11111111
11111111
11111111
11111111
11111111
11111111
11111111
11111111
11111111
00000000
01000011
11111111
00010110
00111111
10011010
10101011
01111000
11010111
01110101
11111111
11111111
11111111
11111111
11111111
00000000
00101001
00000000
11111111
00000000
00000000
00110101
11111111
11111111
11111111
11111111
11000001
11111111
11111010
10110110
11111111
11111111
00000000
01010101
11111111
00000011
00110110
10100100
10111111
01110011
01110011
11101001
11111111
11111111
11111111
11111111
11111111
11111111
00000000
11111111
11111111
00110100
00000000
11010110
11111111
11110110
11111111
11010100
10100000
11111111
11000011
11000101
11111111
11111111
00110011
01100111
11111111
00110101
00101100
10101101
10111011
01001011
10110101
11111111
11111111
11111111
11111111
11111111
11111111
11111111
11111111
11111111
11111111
00000000
00000000
11111111
11111111
11100000
11111010
11000001
10010100
11111111
10101101
11101111
11111111
11100100
01011100
01011101
11111111
01000110
00001001
10110000
11110101
00110000
11101100
11101100
11111111
11111111
11111111
11111111
11101101
11111111
11111111
11111111
11111111
00000000
00010010
11111111
11111111
11111110
11111010
10100011
10110010
11111111
10101110
11111111
11111111
11001011
01000110
01001000
11111111
00101111
00000011
10111111
11111111
01001100
11010010
11011010
11111111
11111111
11111111
11010000
11111111
11111111
11111111
11111111
11010000
00000000
11000010
11111111
11101100
11111111
11111011
10001110
11111111
11100101
11000100
11111111
11111111
11010111
01001000
01000000
11111111
00110000
00000100
10111111
11111111
00111000
10111100
11101111
10101110
11111111
00000000
01001101
11111111
11111111
11111111
00101100
10001110
00000000
11111111
11111111
11101011
11111010
11011010
01111000
11111111
10010100
10111001
11111111
11111111
11100011
01100000
01000101
11111111
01000011
00011010
01011011
11111111
10000110
11001100
11001000
00011100
01001011
00000100
11111111
11111111
11111111
01010000
11111111
00000000
00000000
11111111
11111111
11110001
11111000
10110110
10001101
11111111
10100110
11110110
11111111
11111111
11111111
01111100
01000000
11111111
00111110
00110100
00010010
11111111
01111101
11111111
01100011
00100011
00000000
11111111
11111111
11111111
11001000
00111111
00111001
00000000
01000010
11111111
11111111
11111111
11111110
10100011
10101101
11111111
10010000
11111111
11111111
11111111
11111110
01011000
00110011
11111111
00111000
00101100
00100111
11111111
10000000
01011110
00010111
01011010
00101100
11111111
11011001
11111111
11111111
00000000
00100100
00000000
11001100
11111111
11111111
11111111
11111111
10001101
11001100
11011100
10001100
11111111
11101011
11111111
11110101
01010001
00110111
11111111
00110110
01001011
01010100
11001110
11010010
00011111
00001111
00001100
11111111
11111111
11111111
11111111
11111111
00000000
01010101
00000000
11111111
11111111
11010011
11011011
11111111
10000101
11111001
11001001
11001000
11111111
10101000
11111111
11111111
01010111
00101110
11111111
00110100
00010111
01111100
11010110
10110011
01011101
00000000
10000000
11111111
00100111
00101111
11111111
11111111
00000000
01010110
00000000
11111111
11111111
11111111
11110101
01110110
00011000
10111101
10001001
11100110
11111111
11010101
11111111
11110010
01001001
00010111
11111111
00110011
00000000
11111111
10011001
10011011
01010010
00000000
11111111
11000100
00000000
00001100
11111111
00000000
00000000
01011111
00101100
11111111
11011100
11111100
10101001
11000000
11111111
11111111
00110110
11001010
11111111
11111100
11111111
11111111
01100001
00001111
11111111
00101101
01000110
11111111
01011100
11111111
00100000
00000000
11111111
01100010
11111111
10000110
11111111
10001000
00000000
01100000
01010110
11111111
11110000
10101111
11001001
11111111
11111111
11111111
11111111
10000001
10111001
11111111
11111111
11111111
01011011
00000001
11111111
00000100
11111111
10001011
10010101
11101111
00000000
11011110
11111011
11010110
11111111
00110101
11111111
10111011
00000000
01000110
10000100
11111111
11000100
10100101
11111111
11111111
11111111
11111111
11111111
11111111
00010110
11010010
11111111
11111111
00111000
00000000
11111111
00001110
11101010
10101001
01010111
00000000
01010111
11111111
00000000
11010010
11111111
00000000
11111111
11010001
00000000
01100100
11000011
11111111
10010101
11000010
11111111
11111111
11111111
11111111
11111111
11111111
01111010
00100011
11111111
11111111
00111001
00000000
11111111
01000111
10111111
11110101
10110100
00000000
10101110
11111111
00000000
11001110
11111111
00000000
11111111
10011100
00000000
10101001
11111111
11111111
10000000
11111111
11111111
11111111
11111111
11111111
11111111
11111111
11111111
00100101
11111111
11111111
00101011
00110001
11111111
00011111
10000101
10100010
11111111
00000000
11111111
00110100
00111011
11011111
11111111
11011101
11111111
01000110
00000000
10110111
11111111
11110110
01101010
11111111
11111111
11111111
11111111
11111111
11111111
11111111
11111111
11111111
11111111
10111100
00010000
01000010
11111111
01100100
10011011
00010010
11001000
11111111
11111111
00000000
01110000
11001110
10001010
10111011
11111111
00000000
00000000
10111100
11111111
11011011
01010111
11111111
11111111
11111111
11111111
11111111
11111111
11111111
11111111
11100101
11111111
11001010
00000000
01000100
11111111
10110100
01001110
10011110
11101100
11111111
00100011
00000000
01001101
10011110
10000001
10010000
11111111
00000000
00000000
11011001
11111111
11010111
01010000
11111111
11111111
11111111
11111011
00000000
00000000
00000000
00000000
10110001
11111111
11111111
00000000
01000010
11111111
01110101
00000000
10111010
11111111
11110111
00000000
00110101
00101100
01010111
11011001
11111111
10000101
00000000
00001101
11101110
11111111
11110000
01100101
11111111
11111111
11111111
00000000
00000000
00001111
01101101
00100000
00000000
11111111
11111111
00000000
00000000
11111111
10110110
00000000
01100111
11111111
11110011
00000000
00111000
00101000
00100110
10011011
11111111
11001110
00000000
00000000
11000010
10100011
10111001
11010011
11111111
10111100
00000000
00000000
10010101
10100111
10101000
01111101
00000000
11111111
11111111
01110101
00000000
11111111
11110011
00000000
10100000
11111111
11111111
00100011
00001001
00010000
01110111
11000101
11000110
11111111
11111111
00000000
10111111
11011001
00000000
01101110
11111111
00000000
01001011
01101010
10110000
10001010
01110111
01010101
00001100
11111111
11111111
10111000
10000111
11111111
11111111
00000000
01001110
01010011
11111111
10100001
00000000
00111111
01111011
10111010
10110000
11111111
11111111
01000110
00110111
11111111
01001000
11111111
11111111
00000000
10001001
01011101
01010010
10001101
01111001
01011111
00101001
11111111
11111111
00000000
11111111
11111111
10111011
00000000
01101011
00100001
11111111
11111111
00000000
00111111
10001001
11000100
10101010
11001011
11111111
11111111
00000000
11111111
01001101
11111111
10011010
00011101
10001010
01010001
01000000
11001100
10001001
01111001
01110010
11111111
11111111
00000000
11111111
11111111
10011011
00000000
01111000
00000000
11111111
11111111
00000000
01011110
10100001
11010001
10101011
11000110
11111111
11111111
00010100
11010111
10011011
11111111
00000011
01010000
01111111
01000011
00111000
11001110
10101110
10010011
00111010
11111111
11111111
00000000
11111111
11111111
11001000
00000000
00111100
00010001
11111111
01111111
00000000
01111100
10111001
11000101
10000101
10011100
11111111
11111111
00100001
11010100
10011011
11111111
00000000
01111110
01100111
00101101
01010010
10100001
10011100
10101101
00110011
11111111
01010110
00000000
11111111
11111111
11000100
00000000
00110101
00111101
11111111
00010011
00001011
01110011
11011001
11010000
01110100
10000100
11111111
11111111
00011000
00000000
11101001
11111111
00000000
10011001
00101111
01110000
01000101
10001011
10001001
11001000
01011000
11111111
11111111
11010000
11111111
11111111
10100100
00000000
00110010
00000000
11111111
00000000
00111111
01100011
11011100
11010111
10001001
01101001
11000010
11111111
11111111
00000000
11111111
01101010
00011000
10101101
00010110
11111111
00011101
10001100
01011101
11110001
01101100
11111111
11111111
00000000
11111111
11111111
10001001
00000000
01111100
10001001
11111111
00000000
01001100
10011010
10101100
11001000
11000111
10000010
10011000
11111111
11111111
00000000
01101110
00011100
01011011
10110011
00000010
11111111
00000000
10110110
00110001
11110100
10001101
11111111
11111111
00000000
11111111
11111111
01000111
00000000
10001110
11001110
01101010
01000110
10010101
10011011
10011101
10111110
11101110
11011110
10100110
11111111
11111111
00000000
10111000
00110101
11100111
00100111
10101011
11111111
00000000
11011111
00111010
11001000
10011010
11111111
11111111
10001011
11111111
11111111
11111001
10101001
11111111
11111011
10101000
10111000
11111111
11111111
11111111
11111111
11111111
11111111
11111111
11111111
11111111
11111111
11111111
01110101
10100111
10110100
11111111
11111111
00110110
11111111
11010110
11111111
11111111
11111111
11000110
